3.0 0.029687498696148396 0.026562501676380634 0.03281249664723873 0.02656250260770321
3.0 0.5078124850988388 0.12812499701976776 0.5109374821186066 0.1328125
3.0 0.33906250447034836 0.007812500232830644 0.3453124910593033 0.010937500279396772
3.0 0.637499988079071 0.1718749962747097 0.6390625238418579 0.13749999552965164
3.0 0.5765625238418579 0.12656250596046448 0.5796874761581421 0.140625
3.0 0.47968749701976776 0.0078125 0.48124995827674866 0.0078125
3.0 0.5140625238418579 0.028124999720603228 0.5171874761581421 0.029687500558793545
2.0 0.4359375089406967 0.09374999813735485 0.4453125298023224 0.09999999776482582
2.0 0.19999999552965164 0.09687500074505806 0.2031249850988388 0.09843751043081284
2.0 0.3812500089406967 0.10156249813735485 0.3906250298023224 0.11562499776482582
3.0 0.4218749850988388 0.11249999515712261 0.42499998211860657 0.09999999776482582
3.0 0.19374999403953552 0.07031249813735485 0.203125 0.06874999776482582
3.0 0.3765625059604645 0.08437500149011612 0.38593751192092896 0.09843750298023224
