3.0 0.9902384365203464 0.05537972724530453 0.019523126959307247 0.028467464914555957
3.0 0.5143240537927924 0.12831885374593058 0.5179335125432171 0.16297277366706403
3.0 0.6899325219046613 0.018258319097056035 0.3453515689447232 0.03146065068462262
3.0 0.38226357983744563 0.16427630384678993 0.6461105220672434 0.17527408413395926
3.0 0.44578874367634413 0.1226692144823403 0.58702653768411 0.17486135261712155
3.0 0.5495565797823941 0.014053307198622134 0.48086236020831086 0.028106614397244267
3.0 0.5140340650050025 0.02916263334543804 0.5180375960181363 0.05832526669087608
2.0 0.5881166907249893 0.09828055351951365 0.45047278256552353 0.1263143788798432
2.0 0.823450457334463 0.11543586513172963 0.2086212637140945 0.11034700696130144
2.0 0.6422425719254322 0.10933255771674169 0.39681166432868387 0.13865836503863488
3.0 0.6010388778028788 0.11783391758220492 0.43019620999104224 0.12510599233778727
3.0 0.8312695466280018 0.089292215035189 0.20685516369890788 0.08071207320012196
3.0 0.6479442661668323 0.09245436031107035 0.39110999994763196 0.12122245358140012
