3 0.175 0 0.18125 0 0.18125 0.0609375 0.1828125 0.0625 0.1828125 0.0796875 0.18125 0.08125 0.1828125 0.090625 0.18125 0.0921875 0.1828125 0.09375 0.1828125 0.1265625 0.184375 0.128125 0.184375 0.1546875 0.178125 0.15625 0.178125 0.13125 0.175 0.1171875 0.175 0.046875 0.1734375 0.0453125 0.175 0.0296875 0.1734375 0.003125 0.175 0.0015625
3 0.384375 0 0.3984375 0 0.4 0.0109375 0.3953125 0.0921875 0.4015625 0.0984375 0.3984375 0.103125 0.39375 0.134375 0.39375 0.18125 0.390625 0.2 0.390625 0.2296875 0.3875 0.2359375 0.3640625 0.234375 0.3640625 0.2125 0.3671875 0.2 0.3671875 0.1640625 0.3703125 0.1421875 0.3703125 0.1109375 0.371875 0.109375 0.36875 0.0953125 0.378125 0.090625 0.384375 0.0015625
3 0.21875 0 0.225 0 0.2265625 0.0078125 0.2265625 0.1453125 0.2234375 0.146875 0.2203125 0.1453125 0.21875 0.0015625
3 0.1921875 0 0.203125 0 0.203125 0.05625 0.20625 0.0796875 0.2078125 0.1265625 0.2125 0.1359375 0.2125 0.1484375 0.2171875 0.153125 0.2171875 0.159375 0.1984375 0.159375 0.1875 0.15625 0.1875 0.1515625 0.1921875 0.1421875 0.1953125 0.109375 0.1921875 0.0015625
3 0.2796875 0.0625 0.28125 0.0640625 0.2796875 0.065625 0.28125 0.06875 0.2796875 0.1 0.2765625 0.1078125 0.275 0.121875 0.2734375 0.121875 0.2734375 0.0859375 0.278125 0.0640625
2 0.1234375 0.090625 0.13125 0.09375 0.1328125 0.0984375 0.13125 0.1109375 0.1234375 0.1203125 0.1046875 0.11875 0.103125 0.1125 0.096875 0.1046875 0.1 0.090625 0.1078125 0.0875 0.121875 0.090625
3 0.4671875 0.121875 0.471875 0.125 0.4703125 0.153125 0.459375 0.153125 0.4609375 0.140625 0.459375 0.1328125 0.4625 0.1234375 0.465625 0.1234375
3 0.328125 0.11875 0.3296875 0.1234375 0.328125 0.128125 0.3296875 0.1484375 0.328125 0.15 0.31875 0.146875 0.31875 0.1203125 0.3234375 0.1171875 0.3265625 0.11875
3 0.3375 0.1046875 0.3421875 0.1046875 0.3421875 0.125 0.3359375 0.1234375 0.3375 0.10625
3 0.4234375 0.121875 0.4234375 0.1515625 0.4125 0.15 0.4140625 0.125 0.4171875 0.121875 0.421875 0.121875
3 0.334375 0.078125 0.3421875 0.0765625 0.3453125 0.0796875 0.3453125 0.0890625 0.3421875 0.0984375 0.3390625 0.1 0.3328125 0.084375 0.334375 0.0796875
3 0.2765625 0.0765625 0.28125 0.08125 0.2828125 0.09375 0.2875 0.0984375 0.2890625 0.1046875 0.284375 0.103125 0.278125 0.1046875 0.278125 0.1015625 0.2734375 0.1 0.271875 0.084375 0.275 0.078125
3 0.121875 0.0734375 0.13125 0.0859375 0.1328125 0.10625 0.1296875 0.1046875 0.1234375 0.0921875 0.11875 0.0890625 0.1046875 0.0890625 0.0984375 0.096875 0.0984375 0.084375 0.1140625 0.071875 0.1203125 0.0734375
3 0.2625 0.103125 0.2546875 0.09375 0.25 0.09375 0.246875 0.096875 0.2453125 0.1140625 0.240625 0.1125 0.2421875 0.0984375 0.246875 0.09375 0.246875 0.0890625 0.2515625 0.08125 0.259375 0.0796875 0.265625 0.0875 0.265625 0.0953125 0.2625 0.1015625
3 0.23515625 0.08203125 0.01328125 0.01640625
3 0.1171875 0.071875 0.1203125 0.0734375 0.1265625 0.084375 0.121875 0.0890625 0.1125 0.0875 0.0984375 0.0890625 0.1 0.08125 0.115625 0.071875
