3 0.2765625 0.1609375 0.2796875 0.1671875 0.2921875 0.1734375 0.2921875 0.1796875 0.2890625 0.1859375 0.290625 0.1875 0.290625 0.2046875 0.2875 0.20625 0.2828125 0.1921875 0.2765625 0.1890625 0.271875 0.18125 0.2671875 0.1796875 0.2546875 0.18125 0.253125 0.1796875 0.2546875 0.1734375 0.265625 0.1609375 0.26875 0.159375 0.275 0.1609375
3 0 0.128125 0.0234375 0.1359375 0.0328125 0.1359375 0.053125 0.140625 0.0703125 0.1546875 0.0734375 0.1703125 0.08125 0.1859375 0.0828125 0.19375 0.0859375 0.196875 0.0875 0.20625 0.090625 0.209375 0.0921875 0.2265625 0.0984375 0.234375 0.0875 0.240625 0.0828125 0.2640625 0.0828125 0.2828125 0.0671875 0.290625 0.0578125 0.290625 0.0515625 0.28125 0.053125 0.275 0.05 0.271875 0.046875 0.2734375 0.0375 0.2890625 0.03125 0.309375 0.0265625 0.3171875 0.028125 0.3453125 0.046875 0.3703125 0.05625 0.3921875 0.0578125 0.40625 0.0625 0.4140625 0.0703125 0.4203125 0.0703125 0.425 0.0296875 0.4296875 0 0.428125 0 0.4234375 0.009375 0.4140625 0 0.409375 0 0.1296875
3 0.6140625 0.2203125 0.6140625 0.209375 0.61875 0.2 0.625 0.19375 0.628125 0.1859375 0.6390625 0.178125 0.6453125 0.1796875 0.6484375 0.184375 0.6515625 0.19375 0.6484375 0.203125 0.6375 0.2078125 0.628125 0.2078125 0.6234375 0.2125 0.6203125 0.2203125 0.615625 0.2203125
3 0.1625 0.1546875 0.1765625 0.1671875 0.1765625 0.171875 0.1703125 0.178125 0.1578125 0.1765625 0.1546875 0.1734375 0.1546875 0.165625 0.1578125 0.1625 0.1578125 0.15625 0.1609375 0.15625
3 0.5671875 0.175 0.5765625 0.175 0.58125 0.184375 0.58125 0.190625 0.5734375 0.203125 0.5703125 0.20625 0.565625 0.20625 0.5625 0.203125 0.5609375 0.1859375 0.5640625 0.178125 0.5671875 0.1765625
3 0.1625 0.1546875 0.1828125 0.171875 0.1890625 0.1859375 0.1875 0.1921875 0.18125 0.19375 0.175 0.190625 0.1734375 0.1859375 0.165625 0.1796875 0.1578125 0.1796875 0.1546875 0.175 0.1546875 0.165625 0.1578125 0.1625 0.1578125 0.15625 0.1609375 0.15625
3 0.70625 0.215625 0.7125 0.21875 0.7125 0.2359375 0.70625 0.25 0.696875 0.25 0.696875 0.2265625 0.6984375 0.2203125 0.7046875 0.215625
3 0.590625 0.23203125 0.01953125 0.034375
3 0.4546875 0.246875 0.02421875 0.05234375
3 0.63125 0.2296875 0.6328125 0.2359375 0.6296875 0.2421875 0.63125 0.25 0.628125 0.253125 0.6265625 0.275 0.609375 0.275 0.60625 0.26875 0.6125 0.23125 0.6171875 0.228125 0.6296875 0.2296875
3 0.1203125 0.1703125 0.1234375 0.175 0.1234375 0.184375 0.11875 0.184375 0.1171875 0.1796875 0.11875 0.171875
