3 0.8125 0.4375 0.8171875 0.4390625 0.815625 0.4453125 0.8125 0.446875 0.78125 0.446875 0.7796875 0.4484375 0.74375 0.4484375 0.7390625 0.446875 0.7390625 0.4390625 0.74375 0.4375 0.790625 0.4375 0.7921875 0.4359375 0.8109375 0.4375
3 0.8171875 0.5671875 0.828125 0.571875 0.828125 0.575 0.8234375 0.578125 0.7859375 0.578125 0.784375 0.5796875 0.75 0.578125 0.746875 0.5703125 0.7515625 0.5671875 0.815625 0.5671875
3 0.6796875 0.4203125 0.6984375 0.425 0.7078125 0.4328125 0.7078125 0.4375 0.7109375 0.4390625 0.7078125 0.440625 0.7078125 0.4453125 0.7046875 0.45 0.6921875 0.45625 0.6703125 0.45625 0.66875 0.4578125 0.63125 0.45625 0.596875 0.4609375 0.5640625 0.459375 0.5328125 0.4625 0.4875 0.4625 0.4859375 0.4640625 0.440625 0.4640625 0.434375 0.4609375 0.4296875 0.45 0.4296875 0.43125 0.43125 0.4296875 0.5125 0.4265625 0.5140625 0.425 0.5515625 0.425 0.559375 0.4296875 0.575 0.4296875 0.584375 0.425 0.5953125 0.4234375 0.6375 0.4265625 0.65 0.425 0.653125 0.421875 0.678125 0.4203125
3 0.8234375 0.478125 0.834375 0.4828125 0.834375 0.4875 0.8234375 0.490625 0.815625 0.4875 0.784375 0.490625 0.7453125 0.490625 0.74375 0.4890625 0.7453125 0.4796875 0.821875 0.478125
3 0.6796875 0.128125 0.6875 0.134375 0.6890625 0.1390625 0.6875 0.15 0.675 0.159375 0.6671875 0.1625 0.659375 0.1625 0.6546875 0.165625 0.6140625 0.1640625 0.6046875 0.165625 0.5953125 0.1703125 0.559375 0.16875 0.5453125 0.1703125 0.534375 0.175 0.5140625 0.175 0.4953125 0.1796875 0.459375 0.1796875 0.4453125 0.1828125 0.434375 0.1828125 0.425 0.1796875 0.421875 0.171875 0.41875 0.1703125 0.415625 0.153125 0.4125 0.1515625 0.41875 0.140625 0.434375 0.134375 0.471875 0.1328125 0.490625 0.1359375 0.49375 0.134375 0.496875 0.1359375 0.5265625 0.134375 0.534375 0.1375 0.553125 0.1375 0.571875 0.13125 0.584375 0.1296875 0.5984375 0.1328125 0.615625 0.1328125 0.6265625 0.1296875 0.6328125 0.125 0.646875 0.1234375 0.6671875 0.1234375 0.675 0.125 0.678125 0.128125
3 0.51875 0.8796875 0.5203125 0.88125 0.56875 0.88125 0.578125 0.8828125 0.590625 0.8890625 0.6078125 0.8890625 0.6140625 0.8859375 0.6265625 0.884375 0.628125 0.8859375 0.6453125 0.8859375 0.6515625 0.890625 0.6796875 0.890625 0.6828125 0.8875 0.7078125 0.8875 0.7203125 0.890625 0.7296875 0.8953125 0.7328125 0.9 0.7359375 0.9 0.7375 0.9171875 0.73125 0.9234375 0.7125 0.9296875 0.6875 0.9296875 0.6640625 0.9234375 0.646875 0.9234375 0.64375 0.9265625 0.628125 0.928125 0.6140625 0.9234375 0.6 0.921875 0.5140625 0.9234375 0.5125 0.921875 0.484375 0.921875 0.4546875 0.91875 0.4484375 0.9140625 0.446875 0.909375 0.446875 0.8859375 0.45 0.88125 0.4671875 0.878125 0.5171875 0.8796875
3 0.56875 0.73125 0.584375 0.7375 0.6015625 0.7375 0.6046875 0.734375 0.615625 0.7328125 0.6359375 0.7328125 0.6515625 0.7390625 0.6640625 0.7390625 0.675 0.734375 0.70625 0.734375 0.7234375 0.7390625 0.73125 0.7484375 0.7296875 0.7609375 0.7171875 0.7703125 0.70625 0.771875 0.684375 0.771875 0.66875 0.7671875 0.64375 0.7671875 0.6375 0.7703125 0.6109375 0.7703125 0.6015625 0.765625 0.5765625 0.765625 0.5703125 0.76875 0.44375 0.765625 0.440625 0.75625 0.4421875 0.734375 0.45625 0.73125 0.5671875 0.73125
3 0.75625 0.6703125 0.7546875 0.6609375 0.7578125 0.6578125 0.790625 0.6578125 0.7921875 0.659375 0.815625 0.6578125 0.8171875 0.659375 0.8359375 0.659375 0.840625 0.6625 0.840625 0.6671875 0.8375 0.66875 0.8125 0.6671875 0.8046875 0.6703125 0.7890625 0.6703125 0.7875 0.671875 0.7578125 0.6703125
3 0.80625 0.3875 0.8140625 0.390625 0.8234375 0.390625 0.825 0.39375 0.8234375 0.3984375 0.7796875 0.4 0.7609375 0.403125 0.7390625 0.4015625 0.7375 0.4 0.7390625 0.390625 0.7734375 0.390625 0.8046875 0.3875
3 0.8984375 0.6671875 0.9046875 0.6734375 0.9046875 0.6890625 0.9078125 0.690625 0.903125 0.7015625 0.8984375 0.7046875 0.8671875 0.7 0.865625 0.7015625 0.8171875 0.7015625 0.79375 0.6984375 0.7890625 0.69375 0.7890625 0.6765625 0.8015625 0.671875 0.8140625 0.6703125 0.85 0.671875 0.8703125 0.6671875 0.896875 0.6671875
3 0.7921875 0.6109375 0.79375 0.6125 0.8046875 0.6109375 0.80625 0.6125 0.825 0.6125 0.8265625 0.6109375 0.8375 0.6125 0.8375 0.61875 0.83125 0.621875 0.8015625 0.621875 0.8 0.6234375 0.7546875 0.6234375 0.7515625 0.6203125 0.7515625 0.615625 0.7578125 0.6125 0.790625 0.6109375
3 0.6859375 0.278125 0.6984375 0.2828125 0.7046875 0.2984375 0.7015625 0.3 0.7015625 0.3046875 0.68125 0.3140625 0.6671875 0.315625 0.6171875 0.3140625 0.609375 0.31875 0.559375 0.31875 0.540625 0.3234375 0.5109375 0.3234375 0.509375 0.325 0.46875 0.3234375 0.4578125 0.3265625 0.4421875 0.3265625 0.4375 0.325 0.43125 0.31875 0.428125 0.30625 0.425 0.3046875 0.425 0.2921875 0.43125 0.2890625 0.4609375 0.2890625 0.490625 0.2859375 0.55625 0.2859375 0.5578125 0.2875 0.559375 0.2859375 0.565625 0.2875 0.5765625 0.2859375 0.5859375 0.28125 0.6375 0.2828125 0.65 0.2765625 0.684375 0.278125
