3 0.41171875 0.11875 0.01171875 0.02734375
3 0.29921875 0.15703125 0.02109375 0.0546875
3 0.3734375 0.10625 0.38125 0.10625 0.38125 0.1265625 0.3765625 0.13125 0.371875 0.1296875 0.371875 0.109375 0.3734375 0.1078125
3 0.4625 0.1375 0.4671875 0.140625 0.4640625 0.1609375 0.465625 0.171875 0.4625 0.1875 0.446875 0.1859375 0.4484375 0.140625 0.4546875 0.1359375 0.4609375 0.1375
3 0.525 0.1890625 0.5234375 0.175 0.525 0.1671875 0.528125 0.1640625 0.5265625 0.1625 0.528125 0.1421875 0.5328125 0.1390625 0.540625 0.1390625 0.5453125 0.14375 0.5421875 0.1609375 0.5421875 0.178125 0.540625 0.1890625 0.5359375 0.190625 0.5265625 0.1890625
3 0.453125 0.10625 0.45625 0.1078125 0.45625 0.1296875 0.45 0.1328125 0.446875 0.13125 0.4453125 0.1265625 0.4484375 0.1109375 0.4515625 0.1078125
3 0.528125 0.140625 0.540625 0.1390625 0.5453125 0.14375 0.540625 0.1890625 0.5328125 0.190625 0.525 0.1890625 0.5234375 0.1765625 0.5265625 0.165625 0.528125 0.1421875
3 0.109375 0 0.121875 0 0.121875 0.0234375 0.1265625 0.046875 0.1265625 0.0828125 0.128125 0.084375 0.1296875 0.13125 0.1328125 0.1515625 0.1328125 0.1734375 0.134375 0.175 0.134375 0.178125 0.128125 0.18125 0.1234375 0.178125 0.121875 0.171875 0.121875 0.1453125 0.1171875 0.1125 0.11875 0.10625 0.1171875 0.0671875 0.1140625 0.0578125 0.109375 0.0015625
3 0.296875 0.0421875 0.2984375 0.0421875 0.2984375 0.0734375 0.296875 0.075 0.2984375 0.096875 0.2953125 0.1015625 0.29375 0.128125 0.290625 0.13125 0.2890625 0.1296875 0.290625 0.09375 0.2921875 0.0921875 0.290625 0.0890625 0.29375 0.078125 0.29375 0.046875 0.296875 0.04375
3 0.446875 0.1859375 0.4484375 0.140625 0.4546875 0.1359375 0.4640625 0.1375 0.4671875 0.140625 0.465625 0.1734375 0.4625 0.1875 0.4484375 0.1859375
3 0.3046875 0.13125 0.3078125 0.134375 0.3078125 0.175 0.309375 0.1765625 0.3078125 0.1828125 0.29375 0.1828125 0.2890625 0.175 0.290625 0.171875 0.2890625 0.1359375 0.2921875 0.13125 0.296875 0.1296875 0.303125 0.13125
3 0 0.0953125 0.0015625 0.0953125 0.003125 0.1140625 0.0109375 0.1390625 0.0109375 0.1453125 0.0296875 0.1859375 0.025 0.196875 0.028125 0.2015625 0.0328125 0.203125 0.0390625 0.209375 0.0421875 0.2203125 0.0359375 0.2234375 0.0078125 0.2234375 0.00625 0.221875 0 0.2234375 0 0.096875
3 0.359375 0.0203125 0.3625 0.0234375 0.3625 0.053125 0.359375 0.0640625 0.3609375 0.0671875 0.3609375 0.0875 0.359375 0.0890625 0.3609375 0.090625 0.3609375 0.10625 0.353125 0.1046875 0.3546875 0.0640625 0.359375 0.021875
