3 0.74375 0 0.7515625 0 0.7515625 0.0140625 0.746875 0.0296875 0.7453125 0.053125 0.7421875 0.0609375 0.7421875 0.075 0.7390625 0.084375 0.740625 0.0921875 0.7328125 0.1265625 0.7328125 0.1375 0.728125 0.140625 0.7234375 0.140625 0.725 0.1109375 0.728125 0.103125 0.7296875 0.084375 0.734375 0.071875 0.734375 0.0578125 0.7390625 0.04375 0.7390625 0.034375 0.7421875 0.028125 0.74375 0.0015625
3 0.4609375 0.140625 0.4625 0.1390625 0.4625 0.1234375 0.4671875 0.121875 0.4671875 0.140625 0.465625 0.1421875 0.4671875 0.1578125 0.465625 0.159375 0.465625 0.1890625 0.4625 0.19375 0.4640625 0.2265625 0.4578125 0.2265625 0.45625 0.221875 0.459375 0.2109375 0.459375 0.1796875 0.4640625 0.159375 0.4625 0.1421875
3 0.453125 0.1609375 0.4546875 0.1671875 0.453125 0.23125 0.45 0.23125 0.45 0.165625 0.4515625 0.1625
3 0.5 0 0.515625 0 0.515625 0.0265625 0.5125 0.0375 0.5109375 0.0765625 0.509375 0.078125 0.5109375 0.08125 0.5078125 0.0890625 0.503125 0.190625 0.5 0.203125 0.50625 0.2078125 0.5015625 0.3078125 0.4984375 0.321875 0.496875 0.3515625 0.4953125 0.353125 0.471875 0.3515625 0.471875 0.3171875 0.4734375 0.315625 0.4734375 0.2890625 0.475 0.2875 0.4765625 0.2375 0.478125 0.2359375 0.478125 0.209375 0.484375 0.203125 0.4875 0.1890625 0.4890625 0.1328125 0.49375 0.1046875 0.49375 0.0765625 0.4984375 0.0390625 0.496875 0.0125 0.5 0.0078125 0.5 0.0015625
3 0.0546875 0.15 0.0578125 0.15 0.0609375 0.1578125 0.0625 0.171875 0.0625 0.1859375 0.0609375 0.1875 0.0578125 0.184375 0.0546875 0.1515625
3 0.421875 0.140625 0.4265625 0.140625 0.425 0.2421875 0.421875 0.2453125 0.4203125 0.24375 0.421875 0.1421875
3 0.3671875 0 0.378125 0 0.3765625 0.0296875 0.3734375 0.04375 0.3734375 0.1 0.371875 0.1015625 0.3734375 0.1484375 0.3703125 0.178125 0.3703125 0.23125 0.3734375 0.2421875 0.3734375 0.253125 0.378125 0.2625 0.353125 0.259375 0.3546875 0.2421875 0.3578125 0.2375 0.359375 0.2203125 0.3625 0.2125 0.3609375 0.1828125 0.3625 0.18125 0.3625 0.121875 0.3640625 0.1203125 0.3640625 0.05625 0.3671875 0.046875 0.3671875 0.0015625
2 0.2171875 0.2015625 0.2234375 0.2046875 0.2265625 0.21875 0.2171875 0.2203125 0.2078125 0.21875 0.2046875 0.215625 0.2046875 0.20625 0.2078125 0.203125 0.215625 0.203125
3 0.7796875 0.4140625 0.8109375 0.4171875 0.846875 0.425 0.8578125 0.43125 0.85625 0.4515625 0.8515625 0.4578125 0.8421875 0.4625 0.8140625 0.4625 0.803125 0.465625 0.7984375 0.475 0.7953125 0.5109375 0.7921875 0.515625 0.790625 0.5421875 0.7828125 0.546875 0.7546875 0.55 0.6953125 0.5453125 0.6796875 0.5390625 0.6796875 0.5140625 0.684375 0.496875 0.684375 0.48125 0.6875 0.465625 0.684375 0.4625 0.678125 0.4625 0.66875 0.4578125 0.65625 0.45625 0.64375 0.4515625 0.6375 0.446875 0.6359375 0.43125 0.6390625 0.4234375 0.6546875 0.4171875 0.6703125 0.4140625 0.6890625 0.4140625 0.690625 0.4125 0.778125 0.4140625
3 0.9984375 0.8109375 0.9984375 0.9984375 0.8625 0.9984375 0.8546875 0.9890625 0.853125 0.9796875 0.85 0.9765625 0.85 0.9609375 0.853125 0.95 0.85 0.94375 0.8515625 0.9390625 0.8484375 0.93125 0.85 0.8859375 0.859375 0.8671875 0.86875 0.85625 0.9 0.834375 0.9265625 0.8234375 0.9484375 0.8171875 0.98125 0.8125 0.984375 0.809375 0.996875 0.8109375
3 0.6546875 0.2203125 0.6578125 0.21875 0.6640625 0.2203125 0.6625 0.234375 0.6546875 0.234375 0.653125 0.23125 0.6546875 0.221875
3 0.615625 0.21875 0.6171875 0.2203125 0.615625 0.23125 0.609375 0.23125 0.609375 0.221875 0.6140625 0.21875
3 0.60625 0.2234375 0.6078125 0.225 0.6078125 0.24375 0.60625 0.2453125 0.5984375 0.24375 0.6 0.2265625 0.6046875 0.2234375
3 0.6375 0.225 0.6421875 0.225 0.64375 0.228125 0.6421875 0.24375 0.6375 0.2453125 0.634375 0.24375 0.634375 0.2296875 0.6375 0.2265625
3 0.5703125 0.2234375 0.5734375 0.228125 0.5703125 0.2453125 0.5640625 0.24375 0.5625 0.240625 0.5640625 0.2265625 0.56875 0.2234375
3 0.5859375 0.21875 0.590625 0.2265625 0.5890625 0.2296875 0.5859375 0.2328125 0.58125 0.2296875 0.584375 0.2203125
