3 0.121875 0 0.1375 0 0.1375 0.00625 0.140625 0.0109375 0.140625 0.0265625 0.1453125 0.0515625 0.1484375 0.115625 0.1515625 0.1203125 0.1578125 0.1796875 0.1609375 0.1890625 0.1609375 0.2 0.153125 0.2015625 0.146875 0.196875 0.1421875 0.15 0.1390625 0.14375 0.1359375 0.11875 0.1328125 0.06875 0.1296875 0.0625 0.125 0.0375 0.121875 0.0015625
3 0.4359375 0.0046875 0.4390625 0.0921875 0.4296875 0.09375 0.4296875 0.084375 0.4328125 0.078125 0.4328125 0.0140625 0.4359375 0.00625
3 0.3703125 0.03125 0.3703125 0.0546875 0.36875 0.05625 0.3703125 0.084375 0.3671875 0.0875 0.365625 0.121875 0.3625 0.121875 0.359375 0.115625 0.3625 0.1015625 0.3609375 0.0953125 0.3640625 0.065625 0.3640625 0.0375 0.365625 0.0328125 0.36875 0.03125
3 0.6765625 0.140625 0.6765625 0.1484375 0.6734375 0.1515625 0.6703125 0.1953125 0.66875 0.2 0.665625 0.2015625 0.6546875 0.2015625 0.6484375 0.1984375 0.6484375 0.178125 0.6515625 0.1703125 0.65 0.1609375 0.653125 0.1578125 0.653125 0.1421875 0.6546875 0.140625 0.6609375 0.1375 0.671875 0.1375 0.675 0.140625
3 0.571875 0.1375 0.5765625 0.140625 0.5765625 0.1484375 0.5734375 0.1515625 0.575 0.15625 0.5734375 0.1890625 0.5703125 0.2 0.55 0.1984375 0.55 0.175 0.553125 0.171875 0.553125 0.15625 0.5546875 0.1546875 0.553125 0.140625 0.559375 0.1375 0.5703125 0.1375
3 0.7875 0.0703125 0.7859375 0.090625 0.7828125 0.0953125 0.7828125 0.10625 0.778125 0.125 0.7734375 0.125 0.7734375 0.115625 0.778125 0.0984375 0.7796875 0.0796875 0.7828125 0.071875 0.7859375 0.0703125
2 0.1265625 0.05625 0.13125 0.0703125 0.1328125 0.0984375 0.1359375 0.1125 0.1328125 0.1203125 0.1296875 0.11875 0.1203125 0.1265625 0.1140625 0.1265625 0.109375 0.1234375 0.0984375 0.0984375 0.0984375 0.0875 0.1140625 0.059375 0.121875 0.0546875 0.125 0.05625
2 0.3609375 0.225 0.3640625 0.2265625 0.3609375 0.234375 0.3515625 0.2484375 0.34375 0.2546875 0.2328125 0.2546875 0.23125 0.25625 0.2234375 0.253125 0.2015625 0.253125 0.2 0.2546875 0.1359375 0.253125 0.1296875 0.2546875 0.1265625 0.2515625 0.1171875 0.2515625 0.11875 0.2453125 0.1328125 0.2390625 0.1390625 0.2328125 0.153125 0.225 0.2171875 0.225 0.21875 0.2265625 0.359375 0.225
3 0.571875 0.1375 0.5765625 0.140625 0.5765625 0.1484375 0.5734375 0.15 0.575 0.1625 0.5734375 0.1640625 0.5734375 0.1875 0.5703125 0.2 0.55 0.1984375 0.55 0.1765625 0.553125 0.171875 0.553125 0.15625 0.5546875 0.1546875 0.553125 0.140625 0.559375 0.1375 0.5703125 0.1375
3 0.45625 0.10859375 0.0109375 0.03046875
3 0.3703125 0.134375 0.3765625 0.1375 0.3765625 0.1453125 0.3734375 0.15 0.3765625 0.1546875 0.375 0.1640625 0.378125 0.175 0.378125 0.1984375 0.359375 0.1984375 0.3546875 0.1953125 0.353125 0.1390625 0.35625 0.1359375 0.36875 0.134375
3 0 0.2703125 0.0109375 0.2734375 0.0140625 0.278125 0.0109375 0.284375 0 0.284375 0 0.271875
3 0.4953125 0.0875 0.5015625 0.0921875 0.5015625 0.1203125 0.4921875 0.121875 0.490625 0.1203125 0.490625 0.103125 0.4953125 0.0890625
3 0.5421875 0.09375 0.5453125 0.0953125 0.5453125 0.1203125 0.54375 0.121875 0.534375 0.121875 0.5328125 0.1109375 0.5375 0.0953125 0.540625 0.09375
3 0.6765625 0.140625 0.6765625 0.1484375 0.6734375 0.1515625 0.6703125 0.1953125 0.66875 0.2 0.665625 0.2015625 0.6546875 0.2015625 0.65 0.2 0.6484375 0.196875 0.6484375 0.178125 0.6515625 0.1703125 0.65 0.1609375 0.653125 0.15625 0.653125 0.1421875 0.65625 0.1390625 0.671875 0.1375 0.675 0.140625
