3 0.978125 0.509375 0.9796875 0.5109375 0.9984375 0.5109375 0.9984375 0.5203125 0.9953125 0.521875 0.984375 0.521875 0.978125 0.51875 0.959375 0.51875 0.9578125 0.5203125 0.9296875 0.51875 0.9296875 0.5140625 0.934375 0.5109375 0.9765625 0.509375
3 0.95 0.6203125 0.959375 0.61875 0.9984375 0.6203125 0.9984375 0.6296875 0.9953125 0.63125 0.9828125 0.628125 0.95625 0.6296875 0.95 0.6265625 0.95 0.621875
3 0.85625 0.7375 0.8578125 0.7390625 0.8890625 0.7375 0.890625 0.7390625 0.921875 0.7390625 0.9234375 0.740625 0.9984375 0.7390625 0.9984375 0.765625 0.98125 0.765625 0.978125 0.7625 0.965625 0.759375 0.934375 0.759375 0.9328125 0.7578125 0.8546875 0.759375 0.85 0.7578125 0.8421875 0.746875 0.8421875 0.7390625 0.8546875 0.7375
3 0.9984375 0.58125 0.9984375 0.590625 0.9953125 0.5921875 0.9484375 0.5921875 0.940625 0.5890625 0.940625 0.5859375 0.9484375 0.58125 0.996875 0.58125
3 0.75 0.925 0.7515625 0.9265625 0.809375 0.9265625 0.8109375 0.928125 0.8234375 0.9265625 0.878125 0.928125 0.8796875 0.9296875 0.934375 0.93125 0.9359375 0.9328125 0.9921875 0.9328125 0.9984375 0.9359375 0.9984375 0.996875 0.9953125 0.9984375 0.9921875 0.996875 0.9859375 0.9984375 0.903125 0.996875 0.9 0.9984375 0.871875 0.9953125 0.85625 0.996875 0.8546875 0.9953125 0.7953125 0.9953125 0.79375 0.99375 0.790625 0.9953125 0.7328125 0.9953125 0.73125 0.99375 0.7203125 0.9953125 0.7140625 0.99375 0.7125 0.9859375 0.7140625 0.965625 0.709375 0.9453125 0.715625 0.940625 0.7234375 0.9390625 0.728125 0.93125 0.7484375 0.925
3 0.9265625 0.325 0.928125 0.33125 0.9265625 0.334375 0.9203125 0.3375 0.8234375 0.3484375 0.7875 0.346875 0.7796875 0.340625 0.7796875 0.3328125 0.7828125 0.3296875 0.85625 0.328125 0.8625 0.325 0.8921875 0.325 0.903125 0.3203125 0.9171875 0.3203125 0.925 0.325
3 0.9359375 0.4015625 0.9453125 0.4078125 0.946875 0.4109375 0.9453125 0.41875 0.9375 0.41875 0.9328125 0.421875 0.909375 0.421875 0.8765625 0.4265625 0.8265625 0.428125 0.825 0.4296875 0.8 0.428125 0.7953125 0.41875 0.8046875 0.4109375 0.8296875 0.4109375 0.8390625 0.4078125 0.871875 0.409375 0.8796875 0.40625 0.9078125 0.40625 0.925 0.4 0.934375 0.4015625
3 0.8984375 0.653125 0.9 0.6546875 0.9890625 0.653125 0.9921875 0.65625 0.9984375 0.65625 0.9984375 0.665625 0.9859375 0.671875 0.95 0.6703125 0.928125 0.6734375 0.9109375 0.6703125 0.8859375 0.675 0.8390625 0.675 0.8328125 0.6703125 0.8328125 0.6578125 0.8390625 0.6546875 0.896875 0.653125
3 0.946875 0.4765625 0.953125 0.478125 0.9609375 0.484375 0.959375 0.49375 0.953125 0.4984375 0.915625 0.4984375 0.9046875 0.5015625 0.8796875 0.5015625 0.86875 0.5046875 0.8296875 0.5046875 0.828125 0.50625 0.8078125 0.5046875 0.8046875 0.4984375 0.8046875 0.490625 0.8078125 0.4875 0.8421875 0.4859375 0.8609375 0.4828125 0.8640625 0.484375 0.8890625 0.484375 0.8984375 0.48125 0.9171875 0.4828125 0.934375 0.4765625 0.9453125 0.4765625
3 0.9556150625000001 0.9960788234375 0.7440857734375 0.8016341171875 0.7623912140625 0.684967059375 0.49391004218749995 0.671242353125 0.04644560625 0.82908470625 0.06678451875 0.8256541171875 0 0.9960788234375 0.9556150625000001 0.9960788234375
3 0.9671875 0.6515625 0.96875 0.653125 0.9890625 0.653125 0.9921875 0.65625 0.9984375 0.65625 0.9984375 0.665625 0.984375 0.6734375 0.9828125 0.671875 0.975 0.6734375 0.965625 0.6703125 0.9484375 0.6703125 0.9359375 0.6734375 0.903125 0.671875 0.884375 0.675 0.8390625 0.675 0.8328125 0.6703125 0.8328125 0.6578125 0.8390625 0.6546875 0.865625 0.6546875 0.8671875 0.653125 0.8984375 0.653125 0.9 0.6546875 0.965625 0.653125
3 0.9328125 0.4 0.946875 0.409375 0.9453125 0.4171875 0.9328125 0.421875 0.90625 0.421875 0.890625 0.425 0.8296875 0.428125 0.828125 0.4296875 0.8015625 0.4296875 0.7953125 0.4234375 0.7953125 0.4171875 0.8046875 0.4109375 0.8296875 0.4109375 0.8390625 0.4078125 0.871875 0.409375 0.8796875 0.40625 0.9046875 0.40625 0.9140625 0.4046875 0.9234375 0.4 0.93125 0.4
3 0.9734375 0.4328125 0.975 0.434375 0.984375 0.4328125 0.9984375 0.434375 0.9984375 0.44375 0.978125 0.44375 0.9734375 0.446875 0.9421875 0.446875 0.940625 0.4484375 0.9234375 0.4484375 0.9171875 0.446875 0.9171875 0.44375 0.9234375 0.4390625 0.940625 0.4390625 0.971875 0.434375
3 0.9453125 0.4765625 0.9515625 0.478125 0.9609375 0.4859375 0.959375 0.49375 0.953125 0.4984375 0.915625 0.4984375 0.903125 0.5015625 0.878125 0.5015625 0.86875 0.5046875 0.8296875 0.5046875 0.828125 0.50625 0.8140625 0.50625 0.80625 0.503125 0.8046875 0.490625 0.8109375 0.4875 0.84375 0.484375 0.8890625 0.484375 0.9 0.48125 0.9171875 0.4828125 0.9265625 0.48125 0.9359375 0.4765625 0.94375 0.4765625
3 0.915625 0.3203125 0.9265625 0.325 0.928125 0.33125 0.9265625 0.334375 0.9203125 0.3375 0.825 0.3484375 0.7828125 0.3453125 0.7796875 0.3421875 0.7796875 0.3328125 0.7828125 0.3296875 0.85625 0.328125 0.8625 0.325 0.8921875 0.325 0.903125 0.3203125 0.9140625 0.3203125
3 0.9984375 0.58125 0.9984375 0.590625 0.9953125 0.5921875 0.9484375 0.5921875 0.940625 0.5890625 0.940625 0.5859375 0.9484375 0.58125 0.996875 0.58125
3 0.8828125 0.7375 0.884375 0.7390625 0.8890625 0.7375 0.890625 0.7390625 0.9265625 0.7390625 0.928125 0.740625 0.9296875 0.7390625 0.9984375 0.7390625 0.9984375 0.765625 0.98125 0.765625 0.9765625 0.7609375 0.965625 0.759375 0.934375 0.759375 0.9328125 0.7578125 0.8546875 0.759375 0.8453125 0.753125 0.8421875 0.746875 0.8421875 0.7390625 0.8515625 0.7375 0.878125 0.7390625 0.88125 0.7375
3 0.95 0.6203125 0.959375 0.61875 0.9984375 0.6203125 0.9984375 0.6296875 0.9953125 0.63125 0.984375 0.628125 0.95625 0.6296875 0.95 0.6265625 0.95 0.621875
3 0.978125 0.509375 0.9796875 0.5109375 0.9984375 0.5109375 0.9984375 0.5203125 0.9953125 0.521875 0.984375 0.521875 0.978125 0.51875 0.959375 0.51875 0.9578125 0.5203125 0.9296875 0.51875 0.9296875 0.5140625 0.934375 0.5109375 0.9765625 0.509375
