3 0.7796875 0.403125 0.796875 0.4109375 0.7984375 0.4140625 0.796875 0.4265625 0.7875 0.4296875 0.7546875 0.43125 0.753125 0.4328125 0.71875 0.4328125 0.7171875 0.434375 0.684375 0.4328125 0.6734375 0.4359375 0.63125 0.4359375 0.6296875 0.4375 0.5796875 0.4375 0.5765625 0.4296875 0.5734375 0.428125 0.5734375 0.4140625 0.5765625 0.4109375 0.6 0.4109375 0.6015625 0.409375 0.6109375 0.4109375 0.6390625 0.409375 0.6421875 0.4109375 0.6578125 0.4078125 0.6796875 0.4078125 0.684375 0.4109375 0.7 0.4109375 0.709375 0.40625 0.7546875 0.4078125 0.7671875 0.403125 0.778125 0.403125
3 0.80625 0.571875 0.871875 0.56875 0.884375 0.571875 0.903125 0.571875 0.9078125 0.575 0.8921875 0.5796875 0.8453125 0.5796875 0.84375 0.578125 0.8078125 0.5796875 0.80625 0.5734375
3 0.8609375 0.628125 0.8625 0.6296875 0.946875 0.6296875 0.9484375 0.6328125 0.953125 0.634375 0.9734375 0.634375 0.978125 0.6296875 0.9984375 0.63125 0.9984375 0.64375 0.971875 0.646875 0.965625 0.64375 0.946875 0.646875 0.934375 0.64375 0.915625 0.646875 0.9109375 0.64375 0.8984375 0.6421875 0.8453125 0.64375 0.8375 0.6390625 0.8265625 0.6390625 0.825 0.6375 0.8265625 0.63125 0.8421875 0.628125 0.859375 0.628125
3 0.74375 0.525 0.7546875 0.5265625 0.7703125 0.5234375 0.790625 0.5234375 0.796875 0.5265625 0.803125 0.5328125 0.803125 0.5375 0.8 0.5390625 0.796875 0.5453125 0.784375 0.55 0.7078125 0.5515625 0.70625 0.553125 0.68125 0.5515625 0.6796875 0.553125 0.6375 0.553125 0.6359375 0.5546875 0.603125 0.5546875 0.5796875 0.5515625 0.578125 0.5328125 0.5796875 0.5296875 0.584375 0.528125 0.6140625 0.528125 0.615625 0.5265625 0.625 0.528125 0.64375 0.525 0.6859375 0.525 0.6953125 0.528125 0.7046875 0.528125 0.7125 0.525 0.7421875 0.525
3 0.4640625 0.809375 0.465625 0.8109375 0.528125 0.8109375 0.559375 0.8140625 0.6390625 0.8125 0.665625 0.815625 0.7375 0.815625 0.7390625 0.8171875 0.7421875 0.815625 0.74375 0.8171875 0.7734375 0.8171875 0.7953125 0.8203125 0.8484375 0.8203125 0.8640625 0.8234375 0.8953125 0.8234375 0.9171875 0.8265625 0.9484375 0.8265625 0.959375 0.8296875 0.9796875 0.8296875 0.9921875 0.83125 0.9984375 0.834375 0.9984375 0.8703125 0.9859375 0.8703125 0.971875 0.865625 0.9671875 0.86875 0.953125 0.865625 0.9375 0.8671875 0.9109375 0.8640625 0.8546875 0.865625 0.840625 0.8625 0.8234375 0.8640625 0.8046875 0.8609375 0.715625 0.859375 0.7109375 0.85625 0.615625 0.85625 0.6140625 0.8546875 0.5921875 0.8546875 0.590625 0.85625 0.5890625 0.8546875 0.5640625 0.8546875 0.5375 0.8515625 0.5328125 0.853125 0.53125 0.8515625 0.453125 0.8515625 0.4421875 0.846875 0.440625 0.8390625 0.4375 0.8375 0.4375 0.828125 0.440625 0.8265625 0.440625 0.81875 0.44375 0.8125 0.4625 0.809375
3 0.771875 0.2859375 0.7859375 0.2875 0.7984375 0.2921875 0.8 0.3046875 0.796875 0.309375 0.790625 0.3125 0.734375 0.315625 0.7265625 0.31875 0.68125 0.31875 0.6484375 0.3234375 0.5796875 0.3234375 0.5734375 0.3171875 0.571875 0.3078125 0.5734375 0.2984375 0.5796875 0.2953125 0.6265625 0.2953125 0.628125 0.29375 0.6640625 0.29375 0.665625 0.2921875 0.68125 0.2921875 0.6890625 0.2953125 0.6984375 0.2953125 0.7078125 0.290625 0.75 0.2921875 0.7703125 0.2859375
3 0.7796875 0.0765625 0.7921875 0.08125 0.79375 0.0953125 0.790625 0.1 0.775 0.10625 0.734375 0.1078125 0.7234375 0.1109375 0.696875 0.1109375 0.6890625 0.1140625 0.6640625 0.115625 0.6609375 0.11875 0.6265625 0.1203125 0.625 0.121875 0.5921875 0.121875 0.578125 0.11875 0.5703125 0.1078125 0.5703125 0.0921875 0.5765625 0.0890625 0.65625 0.0875 0.671875 0.084375 0.6953125 0.0859375 0.7 0.084375 0.7015625 0.08125 0.7140625 0.0796875 0.75 0.08125 0.7578125 0.0765625 0.778125 0.0765625
2 0.8203125 0.4703125 0.8234375 0.471875 0.825 0.484375 0.828125 0.4859375 0.83125 0.4921875 0.8421875 0.4953125 0.8609375 0.4953125 0.86875 0.490625 0.8859375 0.490625 0.9015625 0.4984375 0.9046875 0.5046875 0.9078125 0.50625 0.9109375 0.515625 0.9109375 0.5546875 0.9078125 0.5625 0.903125 0.5671875 0.8984375 0.5640625 0.896875 0.5578125 0.890625 0.5546875 0.8546875 0.55625 0.8421875 0.553125 0.8296875 0.5546875 0.8078125 0.5515625 0.8015625 0.546875 0.8015625 0.54375 0.8046875 0.5421875 0.8078125 0.534375 0.8046875 0.5265625 0.80625 0.515625 0.8140625 0.5 0.8140625 0.490625 0.8171875 0.4890625 0.8171875 0.478125 0.8203125 0.471875
2 0.853125 0.4328125 0.865625 0.4359375 0.8796875 0.44375 0.8890625 0.44375 0.89375 0.4484375 0.9015625 0.4484375 0.9109375 0.453125 0.9171875 0.453125 0.9234375 0.4578125 0.9390625 0.4578125 0.9515625 0.4625 0.9515625 0.4703125 0.9453125 0.475 0.9359375 0.4796875 0.9296875 0.4796875 0.9171875 0.484375 0.915625 0.4875 0.9109375 0.4875 0.9125 0.478125 0.9046875 0.471875 0.8921875 0.471875 0.8828125 0.46875 0.8578125 0.46875 0.84375 0.471875 0.825 0.4703125 0.821875 0.4609375 0.7953125 0.446875 0.7953125 0.4390625 0.8 0.434375 0.8078125 0.43125 0.8515625 0.4328125
2 0.1734375 0.8953125 0.1859375 0.9 0.2046875 0.9125 0.2140625 0.9265625 0.21875 0.9296875 0.2265625 0.946875 0.2296875 0.9484375 0.2328125 0.9625 0.2328125 0.9796875 0.2265625 0.9859375 0.225 0.9953125 0.2203125 0.9984375 0.2109375 0.996875 0.2078125 0.9984375 0 0.9984375 0 0.9921875 0.0078125 0.9875 0.0171875 0.971875 0.021875 0.9671875 0.025 0.9671875 0.040625 0.9484375 0.04375 0.9484375 0.0484375 0.9421875 0.0625 0.9328125 0.0734375 0.921875 0.084375 0.915625 0.0890625 0.915625 0.0921875 0.9109375 0.096875 0.9109375 0.1109375 0.9015625 0.1328125 0.8953125 0.146875 0.89375 0.171875 0.8953125
