3 0.3203125 0.0203125 0.3234375 0.0234375 0.3234375 0.0328125 0.3171875 0.0453125 0.3125 0.04375 0.309375 0.0296875 0.3125 0.021875 0.31875 0.0203125
3 0.11875 0.01875 0.1234375 0.015625 0.128125 0.015625 0.140625 0.0265625 0.140625 0.046875 0.1328125 0.053125 0.1234375 0.053125 0.1171875 0.0484375 0.1140625 0.0421875 0.1140625 0.0296875 0.11875 0.0203125
3 0.9984375 0.0296875 0.9984375 0.521875 0.9921875 0.53125 0.965625 0.5546875 0.953125 0.5640625 0.934375 0.571875 0.9203125 0.5875 0.921875 0.59375 0.9296875 0.5953125 0.934375 0.6 0.946875 0.60625 0.9484375 0.6125 0.95625 0.6234375 0.95625 0.63125 0.9484375 0.6359375 0.9375 0.6359375 0.909375 0.6328125 0.9 0.628125 0.890625 0.6453125 0.8921875 0.6484375 0.890625 0.675 0.88125 0.6859375 0.8734375 0.6890625 0.859375 0.6890625 0.840625 0.684375 0.821875 0.675 0.8140625 0.6671875 0.8140625 0.6546875 0.8296875 0.63125 0.83125 0.5921875 0.834375 0.5640625 0.8390625 0.546875 0.8390625 0.5171875 0.8421875 0.503125 0.8546875 0.475 0.8640625 0.43125 0.871875 0.4125 0.8765625 0.3421875 0.878125 0.33125 0.8828125 0.321875 0.8796875 0.3171875 0.8796875 0.3 0.884375 0.2921875 0.890625 0.2875 0.89375 0.2765625 0.9125 0.2484375 0.91875 0.23125 0.9140625 0.2296875 0.890625 0.2515625 0.871875 0.2625 0.8578125 0.290625 0.8578125 0.3078125 0.8625 0.3171875 0.8609375 0.3296875 0.846875 0.3453125 0.8453125 0.3546875 0.8375 0.3625 0.834375 0.3640625 0.8234375 0.3625 0.8140625 0.3546875 0.7984375 0.334375 0.7984375 0.321875 0.80625 0.309375 0.8078125 0.296875 0.8125 0.2953125 0.8375 0.2484375 0.828125 0.2328125 0.825 0.23125 0.825 0.2234375 0.846875 0.2078125 0.85 0.1953125 0.8640625 0.1765625 0.9171875 0.1234375 0.9296875 0.1015625 0.9328125 0.1 0.95 0.0765625 0.996875 0.03125
3 0.28671875 0.04140625 0.009375 0.0203125
3 0.3125 0.0578125 0.315625 0.0640625 0.3125 0.0671875 0.3125 0.084375 0.3109375 0.0859375 0.303125 0.0828125 0.303125 0.0640625 0.30625 0.0578125 0.3109375 0.0578125
3 0.0890625 0.0734375 0.09375 0.08125 0.0921875 0.0828125 0.0921875 0.1109375 0.09375 0.1125 0.09375 0.13125 0.0921875 0.1328125 0.084375 0.1328125 0.08125 0.125 0.0828125 0.0859375 0.084375 0.084375 0.0796875 0.075 0.0875 0.0734375
3 0.428125 0.065625 0.43125 0.0671875 0.43125 0.071875 0.428125 0.075 0.43125 0.08125 0.428125 0.0921875 0.421875 0.0921875 0.421875 0.06875 0.4265625 0.065625
3 0.0984375 0.071875 0.10625 0.075 0.10625 0.08125 0.103125 0.084375 0.10625 0.090625 0.1046875 0.096875 0.10625 0.1265625 0.1 0.1296875 0.0953125 0.1265625 0.09375 0.1109375 0.0953125 0.08125 0.090625 0.075 0.0921875 0.071875 0.096875 0.071875
3 0.078125 0.0765625 0.08125 0.08125 0.0796875 0.0859375 0.08125 0.090625 0.08125 0.1109375 0.0796875 0.1125 0.08125 0.1375 0.0796875 0.1390625 0.06875 0.1375 0.0671875 0.1296875 0.0671875 0.090625 0.06875 0.0890625 0.0625 0.0796875 0.0671875 0.075 0.0765625 0.0765625
3 0 0.090625 0.0125 0.09375 0.0125 0.103125 0.009375 0.109375 0.0125 0.1140625 0.0109375 0.13125 0.0140625 0.1453125 0.0140625 0.1671875 0 0.16875 0 0.0921875
3 0.315625 0.0640625 0.3171875 0.0515625 0.31875 0.046875 0.321875 0.0453125 0.3234375 0.059375 0.321875 0.065625 0.3171875 0.065625
3 0.0453125 0.08125 0.0484375 0.084375 0.0484375 0.1203125 0.0515625 0.1265625 0.0515625 0.1515625 0.0484375 0.153125 0.046875 0.1515625 0.0296875 0.1515625 0.025 0.146875 0.028125 0.1171875 0.025 0.1125 0.0234375 0.084375 0.0265625 0.08125 0.04375 0.08125
3 0.390625 0.0625 0.39375 0.065625 0.390625 0.0890625 0.3828125 0.0890625 0.3828125 0.0671875 0.384375 0.0640625 0.3890625 0.0625
3 0.046875 0.08125 0.05 0.078125 0.0609375 0.078125 0.0671875 0.0875 0.065625 0.09375 0.0671875 0.1453125 0.053125 0.1453125 0.053125 0.1265625 0.05 0.115625 0.05 0.096875 0.0515625 0.0953125 0.0484375 0.0828125
3 0.2109375 0 0.221875 0 0.21875 0.028125 0.21875 0.05625 0.2203125 0.0578125 0.2203125 0.078125 0.2234375 0.0828125 0.2234375 0.0875 0.2 0.0859375 0.2 0.0796875 0.2046875 0.071875 0.209375 0.0484375 0.2109375 0.0078125 0.2125 0.00625 0.2109375 0.0015625
3 0.26875 0 0.2703125 0.0109375 0.2671875 0.021875 0.265625 0.04375 0.259375 0.0640625 0.2625 0.025 0.26875 0.0015625
3 0.2265625 0 0.23125 0 0.23125 0.0171875 0.2296875 0.01875 0.23125 0.0390625 0.228125 0.0453125 0.2265625 0.078125 0.225 0.0796875 0.221875 0.0765625 0.221875 0.071875 0.2234375 0.0703125 0.2234375 0.0375 0.2265625 0.0203125 0.225 0.0140625 0.2265625 0.0015625
3 0.1953125 0 0.2015625 0 0.2015625 0.0171875 0.1984375 0.0296875 0.2 0.053125 0.196875 0.0859375 0.1921875 0.084375 0.1953125 0.0015625
3 0.359375 0 0.3703125 0 0.3703125 0.021875 0.3671875 0.0359375 0.3703125 0.0390625 0.3703125 0.0453125 0.3671875 0.0484375 0.365625 0.0671875 0.3625 0.0734375 0.3625 0.0921875 0.3578125 0.115625 0.3578125 0.128125 0.3546875 0.134375 0.3421875 0.13125 0.34375 0.1 0.3484375 0.0765625 0.35 0.0390625 0.35625 0.0328125 0.359375 0.0015625
3 0.6921875 0.2140625 0.7015625 0.2109375 0.753125 0.2109375 0.8109375 0.2171875 0.821875 0.2203125 0.8203125 0.2296875 0.828125 0.2390625 0.828125 0.2421875 0.80625 0.24375 0.8 0.2484375 0.796875 0.2640625 0.78125 0.30625 0.7640625 0.309375 0.7328125 0.3078125 0.721875 0.303125 0.7109375 0.303125 0.70625 0.3 0.709375 0.2828125 0.721875 0.2484375 0.721875 0.240625 0.71875 0.2375 0.7 0.234375 0.6890625 0.2296875 0.6890625 0.2203125 0.6921875 0.215625
