0 0.2234375 0.028125 0.228125 0.03125 0.2265625 0.0390625 0.23125 0.059375 0.23125 0.0859375 0.228125 0.0859375 0.228125 0.065625 0.225 0.0578125 0.2234375 0.0296875
0 0.56875 0 0.6015625 0 0.603125 0.003125 0.6171875 0.003125 0.61875 0.0078125 0.615625 0.0609375 0.6125 0.0703125 0.6140625 0.109375 0.6109375 0.140625 0.6109375 0.2140625 0.615625 0.21875 0.6171875 0.2265625 0.6015625 0.2296875 0.5734375 0.2296875 0.5609375 0.228125 0.55625 0.225 0.559375 0.1984375 0.559375 0.1703125 0.5609375 0.16875 0.559375 0.1265625 0.5625 0.1015625 0.5625 0.06875 0.559375 0.0609375 0.5640625 0.040625 0.5640625 0.015625 0.56875 0.0015625
0 0.359375 0 0.3703125 0 0.3734375 0.0140625 0.371875 0.0171875 0.371875 0.078125 0.3734375 0.0796875 0.3734375 0.1109375 0.375 0.1125 0.3734375 0.134375 0.36875 0.1328125 0.3625 0.1265625 0.3640625 0.1078125 0.3625 0.10625 0.3625 0.0453125 0.3609375 0.04375 0.359375 0.0015625
0 0.75 0.021875 0.753125 0.0203125 0.75625 0.021875 0.75625 0.059375 0.7484375 0.0671875 0.746875 0.0640625 0.7484375 0.0625 0.7484375 0.025 0.75 0.0234375
3 0.3171875 0.090625 0.328125 0.0953125 0.328125 0.103125 0.3171875 0.10625 0.309375 0.1 0.3078125 0.0984375 0.309375 0.09375 0.315625 0.0921875
3 0.4984375 0.109375 0.515625 0.1125 0.53125 0.11875 0.53125 0.1265625 0.5265625 0.1296875 0.525 0.134375 0.5359375 0.1421875 0.5484375 0.1546875 0.5515625 0.1609375 0.546875 0.1671875 0.546875 0.178125 0.55625 0.1859375 0.55625 0.2015625 0.5515625 0.2171875 0.5453125 0.2234375 0.5390625 0.225 0.534375 0.2234375 0.5046875 0.225 0.4921875 0.2125 0.478125 0.2109375 0.4734375 0.2140625 0.46875 0.2140625 0.4609375 0.2109375 0.4484375 0.2125 0.4171875 0.2109375 0.4015625 0.2140625 0.390625 0.221875 0.36875 0.2234375 0.3625 0.221875 0.3546875 0.2140625 0.3484375 0.203125 0.3296875 0.1953125 0.328125 0.1921875 0.34375 0.1765625 0.34375 0.1734375 0.334375 0.1640625 0.3390625 0.15625 0.3484375 0.1484375 0.3484375 0.1390625 0.3609375 0.1390625 0.3765625 0.14375 0.40625 0.146875 0.415625 0.15 0.4625 0.1515625 0.4671875 0.1546875 0.46875 0.1640625 0.4609375 0.171875 0.4609375 0.1875 0.4640625 0.19375 0.4671875 0.1953125 0.4703125 0.19375 0.478125 0.184375 0.484375 0.171875 0.4828125 0.1484375 0.478125 0.140625 0.4828125 0.1140625 0.4890625 0.1109375 0.496875 0.1109375
3 0.2453125 0.1015625 0.2515625 0.103125 0.25625 0.1078125 0.25625 0.121875 0.25 0.1234375 0.2484375 0.1265625 0.2421875 0.1265625 0.2375 0.1203125 0.2328125 0.11875 0.2328125 0.1046875 0.2359375 0.1015625 0.24375 0.1015625
0 0 0.0359375 0.0078125 0.0359375 0.0109375 0.0390625 0.0125 0.046875 0.0171875 0.0515625 0.0125 0.06875 0.0125 0.0890625 0.015625 0.0921875 0.021875 0.109375 0.0203125 0.115625 0.00625 0.115625 0 0.1125 0 0.0375
0 0.5359375 0.00625 0.5609375 0.01875 0.5609375 0.0359375 0.5578125 0.040625 0.5578125 0.0546875 0.553125 0.0640625 0.559375 0.0734375 0.5578125 0.1296875 0.55625 0.134375 0.553125 0.1359375 0.5390625 0.134375 0.540625 0.115625 0.5390625 0.1140625 0.5375 0.0390625 0.5328125 0.028125 0.521875 0.015625 0.521875 0.009375 0.525 0.00625 0.528125 0.0046875 0.534375 0.00625
1 0.234375 0.090625 0.2453125 0.0890625 0.253125 0.0953125 0.253125 0.103125 0.2375 0.1015625 0.234375 0.1046875 0.2359375 0.11875 0.2328125 0.11875 0.23125 0.1171875 0.23125 0.1 0.234375 0.0921875
1 0.7984375 0.0734375 0.8015625 0.071875 0.815625 0.0734375 0.8234375 0.08125 0.8265625 0.0921875 0.8265625 0.1078125 0.821875 0.1125 0.81875 0.1109375 0.8 0.084375 0.7984375 0.075
1 0.8203125 0.03125 0.828125 0.0390625 0.8296875 0.04375 0.828125 0.0515625 0.83125 0.0578125 0.828125 0.0609375 0.8203125 0.0609375 0.803125 0.06875 0.796875 0.075 0.796875 0.0796875 0.81875 0.1125 0.8375 0.1140625 0.8421875 0.11875 0.8328125 0.125 0.821875 0.1265625 0.80625 0.1421875 0.8015625 0.14375 0.7984375 0.1578125 0.7875 0.1796875 0.7859375 0.1953125 0.778125 0.215625 0.7765625 0.23125 0.76875 0.24375 0.775 0.2515625 0.7828125 0.2546875 0.796875 0.2546875 0.796875 0.2578125 0.7890625 0.259375 0.7796875 0.2671875 0.7734375 0.26875 0.7546875 0.26875 0.7296875 0.2640625 0.7265625 0.2609375 0.7296875 0.253125 0.7296875 0.23125 0.7328125 0.2234375 0.7328125 0.20625 0.734375 0.2046875 0.7328125 0.1640625 0.7296875 0.1578125 0.7296875 0.1453125 0.734375 0.1375 0.7328125 0.134375 0.734375 0.0953125 0.7390625 0.078125 0.75 0.0671875 0.7703125 0.0546875 0.7828125 0.0375 0.796875 0.0296875 0.8171875 0.0296875 0.81875 0.03125