3 0.4671875 0.2484375 0.471875 0.2515625 0.475 0.2578125 0.4890625 0.2625 0.4890625 0.26875 0.4796875 0.275 0.434375 0.275 0.4328125 0.2765625 0.421875 0.275 0.425 0.259375 0.428125 0.2578125 0.43125 0.2515625 0.465625 0.2484375
3 0.6015625 0.2328125 0.603125 0.234375 0.6015625 0.25 0.603125 0.2609375 0.60625 0.2625 0.6078125 0.2828125 0.596875 0.2875 0.590625 0.2875 0.5859375 0.2828125 0.584375 0.2734375 0.5859375 0.24375 0.5890625 0.2421875 0.5921875 0.234375 0.6 0.234375
3 0.471875 0.2484375 0.4953125 0.25 0.4984375 0.2578125 0.5015625 0.259375 0.5015625 0.265625 0.496875 0.265625 0.4890625 0.2734375 0.48125 0.2734375 0.484375 0.265625 0.46875 0.2515625 0.471875 0.25
1 0.0578125 0.2359375 0.075 0.234375 0.0765625 0.24375 0.0796875 0.246875 0.09375 0.253125 0.1125 0.26875 0.115625 0.278125 0.1203125 0.28125 0.121875 0.2875 0.1265625 0.2921875 0.1265625 0.29375 0.11875 0.2953125 0.121875 0.346875 0.103125 0.346875 0.1 0.35 0.0859375 0.35 0.08125 0.34375 0.0734375 0.340625 0.0703125 0.334375 0.0703125 0.328125 0.0671875 0.3265625 0.0640625 0.3109375 0.0546875 0.3046875 0.0546875 0.3015625 0.0484375 0.296875 0.040625 0.2828125 0.0421875 0.2609375 0.0453125 0.259375 0.0484375 0.25 0.0515625 0.2484375 0.053125 0.2390625 0.0578125 0.2375
3 0.815625 0.246875 0.81875 0.253125 0.81875 0.2671875 0.821875 0.26875 0.8234375 0.309375 0.821875 0.3125 0.8015625 0.3203125 0.796875 0.328125 0.790625 0.3328125 0.778125 0.334375 0.7609375 0.3328125 0.759375 0.3296875 0.746875 0.321875 0.74375 0.3125 0.728125 0.296875 0.7265625 0.2875 0.7234375 0.284375 0.715625 0.2828125 0.715625 0.2703125 0.7328125 0.2625 0.7625 0.2640625 0.771875 0.2609375 0.7734375 0.2578125 0.7796875 0.2578125 0.7875 0.253125 0.8140625 0.246875
3 0.15 0.278125 0.178125 0.2828125 0.20625 0.2796875 0.225 0.28125 0.2234375 0.2859375 0.2265625 0.2984375 0.23125 0.3015625 0.23125 0.3140625 0.2234375 0.3171875 0.2109375 0.3140625 0.16875 0.3140625 0.1671875 0.315625 0.14375 0.3140625 0.140625 0.3125 0.1375 0.30625 0.1375 0.3 0.14375 0.29375 0.14375 0.290625 0.140625 0.2890625 0.140625 0.284375 0.1453125 0.2796875 0.1484375 0.2796875
3 0.2796875 0.2765625 0.2859375 0.2796875 0.284375 0.2859375 0.2921875 0.29375 0.2921875 0.3046875 0.2859375 0.309375 0.278125 0.3109375 0.2640625 0.309375 0.25625 0.3046875 0.234375 0.303125 0.2265625 0.296875 0.225 0.2890625 0.2203125 0.2859375 0.221875 0.284375 0.2203125 0.2796875 0.25 0.28125 0.278125 0.2765625
0 0.884375 0.125 0.8953125 0.134375 0.8984375 0.1421875 0.903125 0.146875 0.9046875 0.1546875 0.9078125 0.15625 0.909375 0.165625 0.9046875 0.16875 0.9 0.16875 0.89375 0.1640625 0.890625 0.1484375 0.8875 0.146875 0.884375 0.1390625 0.8796875 0.1359375 0.878125 0.1296875 0.875 0.128125 0.878125 0.125 0.8828125 0.125
0 0.76875 0.1296875 0.778125 0.134375 0.78125 0.140625 0.784375 0.1421875 0.7921875 0.16875 0.7953125 0.171875 0.8 0.171875 0.8015625 0.1765625 0.809375 0.178125 0.8109375 0.18125 0.8125 0.2109375 0.815625 0.2125 0.815625 0.23125 0.8171875 0.2328125 0.815625 0.2421875 0.8125 0.240625 0.8109375 0.234375 0.8078125 0.2328125 0.7984375 0.215625 0.7953125 0.2140625 0.79375 0.20625 0.7859375 0.1984375 0.7765625 0.1984375 0.7734375 0.1921875 0.7734375 0.1859375 0.7703125 0.184375 0.7671875 0.1578125 0.7640625 0.15625 0.7640625 0.1328125 0.7671875 0.13125
0 0.2046875 0.2359375 0.20625 0.2375 0.2125 0.2359375 0.2203125 0.2375 0.2296875 0.2359375 0.23125 0.2375 0.23125 0.2515625 0.225 0.2578125 0.225 0.2609375 0.2203125 0.2640625 0.2203125 0.275 0.2171875 0.2765625 0.203125 0.2765625 0.196875 0.2703125 0.19375 0.2484375 0.190625 0.246875 0.1890625 0.240625 0.1984375 0.2390625 0.203125 0.2359375
0 0.4375 0.2140625 0.4484375 0.2125 0.4515625 0.215625 0.453125 0.2296875 0.453125 0.246875 0.4484375 0.2484375 0.44375 0.246875 0.440625 0.225 0.4375 0.2234375 0.4359375 0.21875 0.4375 0.215625