0 0.921875 0 0.9296875 0 0.9296875 0.0109375 0.9328125 0.0125 0.9296875 0.0140625 0.9265625 0.05 0.9234375 0.0515625 0.9234375 0.059375 0.9265625 0.0609375 0.9234375 0.0625 0.9203125 0.075 0.9171875 0.0765625 0.9140625 0.0921875 0.909375 0.096875 0.9046875 0.09375 0.90625 0.075 0.909375 0.0734375 0.9125 0.03125 0.915625 0.0296875 0.9171875 0.0109375 0.921875 0.0015625
0 0.7609375 0.215625 0.7625 0.228125 0.759375 0.24375 0.759375 0.2609375 0.75625 0.2625 0.753125 0.3203125 0.75 0.321875 0.7484375 0.3484375 0.7453125 0.35 0.740625 0.346875 0.7390625 0.3375 0.740625 0.271875 0.74375 0.2703125 0.746875 0.2296875 0.75 0.228125 0.75 0.2171875 0.759375 0.215625
0 0.134375 0.175 0.1328125 0.1234375 0.1375 0.1203125 0.14375 0.121875 0.1453125 0.1296875 0.14375 0.1453125 0.1453125 0.1703125 0.14375 0.175 0.1359375 0.175
0 0.546875 0.196875 0.5515625 0.2 0.553125 0.20625 0.5515625 0.2546875 0.55 0.265625 0.546875 0.2671875 0.546875 0.275 0.5453125 0.2765625 0.540625 0.275 0.5390625 0.26875 0.534375 0.2640625 0.5328125 0.25625 0.5359375 0.225 0.534375 0.20625 0.540625 0.2 0.5453125 0.1984375
0 0.6765625 0.215625 0.7046875 0.2171875 0.7 0.2234375 0.6984375 0.2421875 0.6953125 0.24375 0.69375 0.253125 0.696875 0.2578125 0.7125 0.2625 0.7140625 0.321875 0.7171875 0.3234375 0.7171875 0.328125 0.7125 0.33125 0.709375 0.3296875 0.6953125 0.334375 0.6828125 0.3328125 0.66875 0.3375 0.6578125 0.334375 0.659375 0.2734375 0.6625 0.271875 0.6640625 0.25 0.66875 0.2453125 0.671875 0.2265625 0.675 0.225 0.6765625 0.2171875
0 0.5109375 0.25625 0.509375 0.2078125 0.5234375 0.2 0.53125 0.2 0.534375 0.20625 0.534375 0.2625 0.53125 0.2703125 0.521875 0.2703125 0.515625 0.2640625 0.5125 0.25625
0 0.4875 0.2046875 0.5015625 0.203125 0.50625 0.20625 0.50625 0.2375 0.5078125 0.2390625 0.5078125 0.2546875 0.50625 0.25625 0.496875 0.25625 0.4875 0.2515625 0.4875 0.2203125 0.4859375 0.21875 0.4875 0.20625
0 0.5765625 0 0.5890625 0 0.590625 0.0046875 0.596875 0.0109375 0.596875 0.0421875 0.59375 0.053125 0.59375 0.0625 0.590625 0.0640625 0.59375 0.0671875 0.5953125 0.075 0.59375 0.090625 0.590625 0.0921875 0.590625 0.0953125 0.59375 0.096875 0.5953125 0.1015625 0.596875 0.1171875 0.59375 0.13125 0.590625 0.1328125 0.5890625 0.1765625 0.5875 0.1875 0.584375 0.1890625 0.5828125 0.1953125 0.5828125 0.2125 0.58125 0.2140625 0.5828125 0.246875 0.58125 0.2578125 0.578125 0.259375 0.5765625 0.2875 0.575 0.290625 0.559375 0.290625 0.553125 0.2890625 0.5484375 0.284375 0.5484375 0.2671875 0.5515625 0.265625 0.5546875 0.2421875 0.5546875 0.20625 0.5578125 0.2046875 0.559375 0.1546875 0.5609375 0.14375 0.5640625 0.1421875 0.5671875 0.1234375 0.565625 0.0953125 0.5671875 0.08125 0.5703125 0.0796875 0.571875 0.0703125 0.5703125 0.0265625 0.5734375 0.00625 0.5765625 0.0046875 0.5765625 0.0015625
0 0.575 0.1140625 0.5890625 0.1296875 0.5890625 0.1703125 0.5875 0.184375 0.584375 0.1859375 0.58125 0.2125 0.58125 0.259375 0.578125 0.2609375 0.5765625 0.2875 0.575 0.290625 0.5703125 0.2921875 0.553125 0.2890625 0.5484375 0.284375 0.5484375 0.2625 0.5515625 0.2609375 0.5546875 0.2375 0.5546875 0.2 0.5578125 0.1984375 0.5609375 0.146875 0.5640625 0.1453125 0.5671875 0.11875 0.5734375 0.1140625
0 0.646875 0.1390625 0.6484375 0.1390625 0.6484375 0.1609375 0.6453125 0.1625 0.6453125 0.16875 0.6484375 0.1703125 0.6484375 0.2015625 0.6453125 0.203125 0.6453125 0.21875 0.64375 0.2203125 0.6421875 0.2984375 0.6390625 0.3 0.6375 0.309375 0.628125 0.309375 0.6265625 0.3015625 0.6234375 0.3 0.6234375 0.290625 0.6265625 0.2890625 0.628125 0.2203125 0.63125 0.21875 0.634375 0.171875 0.6375 0.1703125 0.6390625 0.165625 0.6375 0.1609375 0.640625 0.1546875 0.64375 0.153125 0.640625 0.1515625 0.646875 0.1484375 0.646875 0.140625
3 0.0203125 0.178125 0.0359375 0.175 0.05625 0.175 0.0578125 0.1765625 0.1 0.175 0.1015625 0.1765625 0.1265625 0.1765625 0.1453125 0.18125 0.1515625 0.1859375 0.15625 0.1859375 0.1609375 0.190625 0.1640625 0.1984375 0.16875 0.203125 0.1703125 0.2109375 0.1734375 0.2125 0.175 0.225 0.1796875 0.228125 0.1765625 0.2296875 0.1765625 0.2328125 0.1828125 0.234375 0.18125 0.240625 0.1828125 0.30625 0.18125 0.309375 0.1515625 0.309375 0.140625 0.3046875 0.1359375 0.2984375 0.1265625 0.29375 0.115625 0.2921875 0.103125 0.29375 0.065625 0.2921875 0.040625 0.2953125 0.0296875 0.2984375 0.0265625 0.3078125 0.009375 0.309375 0 0.3046875 0 0.190625 0.00625 0.1890625 0.0203125 0.1796875