0 0.74375 0.190625 0.7484375 0.1953125 0.7484375 0.215625 0.7453125 0.2171875 0.7421875 0.2984375 0.7390625 0.3 0.7375 0.321875 0.728125 0.3203125 0.728125 0.315625 0.73125 0.3140625 0.728125 0.3109375 0.73125 0.309375 0.734375 0.259375 0.7375 0.2578125 0.7375 0.2296875 0.740625 0.2046875 0.7390625 0.1921875 0.7421875 0.190625
0 0.965625 0.1859375 0.971875 0.1859375 0.98125 0.1984375 0.9890625 0.1953125 0.9921875 0.21875 0.9890625 0.240625 0.9921875 0.2484375 0.9921875 0.2609375 0.9953125 0.2625 0.9953125 0.2828125 0.9875 0.284375 0.98125 0.28125 0.9796875 0.278125 0.978125 0.259375 0.975 0.2578125 0.971875 0.2375 0.96875 0.2359375 0.96875 0.2171875 0.965625 0.209375 0.965625 0.1984375 0.9625 0.196875 0.9625 0.1890625 0.965625 0.1875
0 0.5234375 0.2125 0.5265625 0.2125 0.528125 0.215625 0.528125 0.2359375 0.53125 0.2375 0.53125 0.2421875 0.528125 0.24375 0.53125 0.246875 0.53125 0.25625 0.528125 0.2578125 0.53125 0.259375 0.53125 0.3015625 0.5328125 0.303125 0.5328125 0.3375 0.534375 0.3390625 0.534375 0.35625 0.53125 0.359375 0.5265625 0.359375 0.5203125 0.3515625 0.521875 0.3390625 0.5203125 0.3296875 0.5171875 0.328125 0.5203125 0.325 0.5203125 0.31875 0.5171875 0.3171875 0.515625 0.2578125 0.5171875 0.25625 0.5171875 0.2375 0.5203125 0.2359375 0.5203125 0.221875 0.5234375 0.2140625
0 0.1203125 0.265625 0.121875 0.265625 0.121875 0.275 0.125 0.2765625 0.125 0.284375 0.121875 0.2859375 0.11875 0.3171875 0.115625 0.31875 0.1140625 0.3296875 0.109375 0.334375 0.10625 0.3625 0.103125 0.3640625 0.103125 0.371875 0.1 0.3796875 0.0953125 0.384375 0.0703125 0.384375 0.0703125 0.3625 0.0734375 0.353125 0.0765625 0.3515625 0.078125 0.34375 0.0828125 0.3390625 0.0859375 0.325 0.0890625 0.3234375 0.090625 0.315625 0.0953125 0.3125 0.0984375 0.3046875 0.0984375 0.296875 0.1015625 0.2953125 0.103125 0.290625 0.1125 0.2875 0.115625 0.28125 0.1203125 0.278125 0.1203125 0.2671875
0 0.059375 0.25625 0.0640625 0.2578125 0.065625 0.2625 0.065625 0.2765625 0.0625 0.2921875 0.059375 0.29375 0.05625 0.3265625 0.053125 0.328125 0.05 0.378125 0.046875 0.3796875 0.04375 0.4046875 0.0265625 0.4046875 0.021875 0.3984375 0.021875 0.3859375 0.0234375 0.3734375 0.0265625 0.371875 0.028125 0.3578125 0.0296875 0.353125 0.0328125 0.3515625 0.034375 0.3421875 0.0359375 0.259375 0.0453125 0.2546875 0.0578125 0.25625
0 0.146875 0.153125 0.15625 0.1515625 0.1578125 0.1546875 0.1578125 0.1609375 0.1609375 0.1625 0.1609375 0.184375 0.1640625 0.196875 0.1671875 0.1984375 0.1640625 0.2015625 0.1625 0.209375 0.15625 0.215625 0.1546875 0.225 0.1515625 0.2265625 0.1484375 0.25625 0.15 0.321875 0.1515625 0.328125 0.1546875 0.3296875 0.1578125 0.3546875 0.1546875 0.365625 0.146875 0.3703125 0.14375 0.3765625 0.1390625 0.3796875 0.1171875 0.378125 0.1109375 0.375 0.1078125 0.36875 0.1078125 0.3625 0.1109375 0.353125 0.1140625 0.3515625 0.1171875 0.334375 0.1203125 0.3328125 0.1203125 0.3296875 0.1171875 0.328125 0.1203125 0.3265625 0.1171875 0.3234375 0.1171875 0.3015625 0.1203125 0.3 0.1203125 0.2921875 0.1234375 0.284375 0.1234375 0.2625 0.121875 0.2609375 0.1234375 0.2484375 0.13125 0.2390625 0.134375 0.2171875 0.1375 0.215625 0.1390625 0.171875 0.140625 0.1625 0.14375 0.1609375 0.146875 0.1546875
0 0.5734375 0.3015625 0.578125 0.30625 0.5796875 0.315625 0.59375 0.3171875 0.59375 0.321875 0.5828125 0.33125 0.584375 0.3484375 0.5875 0.35 0.590625 0.36875 0.59375 0.371875 0.590625 0.375 0.584375 0.375 0.5796875 0.371875 0.5765625 0.3453125 0.5734375 0.34375 0.571875 0.334375 0.5734375 0.303125
0 0.53125 0.1359375 0.53125 0.1703125 0.5328125 0.171875 0.5328125 0.19375 0.53125 0.1953125 0.5328125 0.284375 0.53125 0.2859375 0.5328125 0.2875 0.5328125 0.334375 0.534375 0.3421875 0.5375 0.34375 0.5375 0.3578125 0.534375 0.3609375 0.528125 0.3609375 0.5234375 0.3578125 0.521875 0.353125 0.5234375 0.3390625 0.5203125 0.328125 0.5203125 0.3140625 0.5171875 0.3125 0.5171875 0.2859375 0.515625 0.284375 0.515625 0.246875 0.5171875 0.2453125 0.5171875 0.2296875 0.5203125 0.228125 0.521875 0.2140625 0.5203125 0.178125 0.5171875 0.1765625 0.5171875 0.1421875 0.5203125 0.140625 0.5234375 0.134375 0.5296875 0.1359375
3 0.4546875 0.3078125 0.4703125 0.3125 0.4734375 0.3234375 0.4734375 0.3375 0.4765625 0.3390625 0.4796875 0.35625 0.4890625 0.365625 0.4890625 0.3703125 0.4796875 0.3796875 0.4796875 0.384375 0.4765625 0.3890625 0.46875 0.3890625 0.4640625 0.384375 0.453125 0.3796875 0.4234375 0.3796875 0.4140625 0.3859375 0.40625 0.384375 0.403125 0.38125 0.39375 0.38125 0.3796875 0.3890625 0.375 0.3890625 0.3703125 0.3859375 0.36875 0.365625 0.3703125 0.3640625 0.3703125 0.3453125 0.3734375 0.34375 0.3734375 0.3171875 0.3796875 0.3109375 0.428125 0.30625 0.453125 0.3078125
3 0.6953125 0.321875 0.7265625 0.325 0.728125 0.3234375 0.7328125 0.325 0.7796875 0.325 0.7984375 0.334375 0.81875 0.3484375 0.8234375 0.3484375 0.83125 0.3578125 0.8296875 0.3625 0.83125 0.365625 0.8359375 0.3671875 0.8390625 0.371875 0.8421875 0.371875 0.84375 0.3765625 0.84375 0.390625 0.840625 0.3984375 0.83125 0.403125 0.79375 0.396875 0.71875 0.3953125 0.70625 0.3984375 0.6828125 0.3984375 0.6765625 0.39375 0.6734375 0.3875 0.6609375 0.384375 0.6515625 0.384375 0.6390625 0.390625 0.6234375 0.3890625 0.621875 0.3875 0.621875 0.365625 0.6234375 0.3578125 0.6265625 0.35625 0.6265625 0.35 0.63125 0.3453125 0.6375 0.34375 0.6453125 0.334375 0.6640625 0.325 0.6765625 0.321875 0.69375 0.321875
3 0.89375 0.3203125 0.896875 0.3203125 0.9125 0.30625 0.9203125 0.30625 0.928125 0.3015625 0.9859375 0.3 0.9984375 0.296875 0.9984375 0.4265625 0.9953125 0.428125 0.9796875 0.4203125 0.953125 0.41875 0.934375 0.4140625 0.9171875 0.4140625 0.9015625 0.428125 0.8734375 0.428125 0.8625 0.421875 0.8609375 0.4125 0.8578125 0.4109375 0.8578125 0.4 0.8546875 0.3890625 0.8515625 0.3875 0.8546875 0.384375 0.8546875 0.371875 0.8578125 0.359375 0.8609375 0.3578125 0.8640625 0.3453125 0.8828125 0.334375 0.8875 0.3265625 0.89375 0.321875