3 0.5046875 0.1015625 0.5078125 0.1046875 0.50625 0.1078125 0.50625 0.14375 0.503125 0.146875 0.503125 0.1578125 0.5 0.159375 0.5 0.1421875 0.5046875 0.103125
3 0.484375 0.0875 0.4859375 0.0890625 0.4859375 0.125 0.4828125 0.1421875 0.4828125 0.165625 0.48125 0.1703125 0.478125 0.1703125 0.4796875 0.1171875 0.4828125 0.1015625 0.48125 0.0984375 0.484375 0.0890625
3 0.4515625 0 0.4578125 0 0.45625 0.0328125 0.453125 0.0390625 0.4515625 0.1 0.446875 0.13125 0.446875 0.159375 0.4484375 0.175 0.4515625 0.1796875 0.44375 0.18125 0.4328125 0.1765625 0.4359375 0.1703125 0.4390625 0.1453125 0.4421875 0.140625 0.4421875 0.10625 0.446875 0.0796875 0.446875 0.040625 0.45 0.0296875 0.4515625 0.0015625
3 0.5390625 0 0.5484375 0 0.5484375 0.00625 0.54375 0.0390625 0.5453125 0.046875 0.5390625 0.0890625 0.540625 0.0953125 0.5359375 0.115625 0.5359375 0.1578125 0.53125 0.175 0.5296875 0.2125 0.528125 0.215625 0.515625 0.215625 0.5140625 0.2125 0.5171875 0.2015625 0.51875 0.16875 0.525 0.1375 0.525 0.121875 0.528125 0.1125 0.5296875 0.0875 0.5328125 0.078125 0.5390625 0.0015625
3 0.51875 0.028125 0.521875 0.0296875 0.5203125 0.0875 0.5125 0.1328125 0.5125 0.1578125 0.5109375 0.159375 0.50625 0.1578125 0.509375 0.1484375 0.5140625 0.1046875 0.5140625 0.08125 0.51875 0.059375 0.5171875 0.053125 0.51875 0.04375 0.5171875 0.03125 0.51875 0.0296875
3 0.415625 0.134375 0.421875 0.1421875 0.421875 0.1484375 0.415625 0.1546875 0.409375 0.1546875 0.4078125 0.1515625 0.4078125 0.1390625 0.409375 0.1359375 0.4140625 0.134375
3 0.4015625 0.1359375 0.403125 0.15 0.3984375 0.15625 0.39375 0.15625 0.3890625 0.1515625 0.3890625 0.1375 0.39375 0.134375 0.4 0.1359375
3 0.3734375 0.134375 0.38125 0.1359375 0.3859375 0.14375 0.3859375 0.1515625 0.3828125 0.1578125 0.3765625 0.1609375 0.36875 0.1578125 0.3640625 0.1484375 0.3640625 0.140625 0.36875 0.1359375 0.371875 0.1359375
3 0.3 0.134375 0.30625 0.1375 0.3078125 0.140625 0.3078125 0.153125 0.303125 0.159375 0.2921875 0.1578125 0.2890625 0.15 0.2890625 0.1359375 0.2984375 0.134375
0 0.625 0.2078125 0.628125 0.2140625 0.61875 0.21875 0.615625 0.2265625 0.6125 0.228125 0.5796875 0.228125 0.5765625 0.221875 0.5640625 0.215625 0.5640625 0.2109375 0.56875 0.2078125 0.6234375 0.2078125
0 0.71875 0.225 0.7203125 0.2265625 0.7296875 0.225 0.7625 0.2265625 0.7671875 0.228125 0.76875 0.23125 0.76875 0.234375 0.7546875 0.2375 0.7515625 0.240625 0.7484375 0.2453125 0.746875 0.26875 0.7453125 0.271875 0.740625 0.2734375 0.7078125 0.2734375 0.7046875 0.2703125 0.7046875 0.2390625 0.7015625 0.2359375 0.696875 0.2359375 0.69375 0.23125 0.69375 0.2265625 0.7171875 0.225
0 0.7484375 0.225 0.746875 0.2234375 0.696875 0.225 0.69375 0.228125 0.690625 0.225 0.6828125 0.2234375 0.6796875 0.21875 0.684375 0.215625 0.7265625 0.215625 0.728125 0.2171875 0.75 0.2171875 0.753125 0.2203125 0.75 0.2234375
0 0.59375 0.228125 0.5953125 0.2296875 0.6 0.228125 0.640625 0.2296875 0.64375 0.2328125 0.6421875 0.2390625 0.6234375 0.2421875 0.6203125 0.2765625 0.6125 0.2796875 0.5875 0.278125 0.575 0.275 0.578125 0.2421875 0.5734375 0.2375 0.5640625 0.2375 0.5625 0.234375 0.5671875 0.23125 0.5921875 0.228125
