3 0 0.059375 0.0015625 0.059375 0.00625 0.075 0.0125 0.125 0.015625 0.13125 0.0171875 0.146875 0.0203125 0.1546875 0.0234375 0.1859375 0.0265625 0.1921875 0.0328125 0.228125 0.0328125 0.240625 0.0234375 0.240625 0.015625 0.2375 0.0125 0.2265625 0.0125 0.215625 0.009375 0.2109375 0.0078125 0.1921875 0.0046875 0.1859375 0.0046875 0.175 0.003125 0.16875 0 0.1671875 0 0.0609375
3 0.715625 0.15625 0.721875 0.1609375 0.7234375 0.1703125 0.7171875 0.1765625 0.7171875 0.1828125 0.7203125 0.1890625 0.7140625 0.1953125 0.715625 0.2125 0.7125 0.2171875 0.709375 0.2390625 0.6859375 0.2390625 0.6796875 0.234375 0.6796875 0.2296875 0.6828125 0.221875 0.6828125 0.2109375 0.6890625 0.2015625 0.6890625 0.184375 0.69375 0.1765625 0.6921875 0.1640625 0.6984375 0.1578125 0.7140625 0.15625
3 0.3875 0.015625 0.390625 0.015625 0.3921875 0.021875 0.3921875 0.08125 0.3859375 0.08125 0.384375 0.075 0.3875 0.0625 0.3875 0.0171875
3 0.3125 0.15 0.321875 0.153125 0.325 0.1609375 0.321875 0.1671875 0.321875 0.175 0.3265625 0.18125 0.3234375 0.1875 0.328125 0.2171875 0.328125 0.234375 0.3265625 0.2359375 0.3046875 0.2359375 0.3 0.234375 0.296875 0.2296875 0.2953125 0.215625 0.296875 0.1875 0.29375 0.1828125 0.296875 0.1765625 0.296875 0.16875 0.29375 0.165625 0.2921875 0.1578125 0.296875 0.153125 0.3109375 0.15
3 0.296875 0.0203125 0.2984375 0.021875 0.2984375 0.059375 0.296875 0.0609375 0.2984375 0.0671875 0.296875 0.06875 0.296875 0.1234375 0.2953125 0.1265625 0.290625 0.1265625 0.2890625 0.1234375 0.2921875 0.109375 0.2921875 0.05625 0.29375 0.0546875 0.29375 0.021875 0.2953125 0.021875
3 0.3640625 0 0.3671875 0 0.36875 0.0078125 0.36875 0.04375 0.3671875 0.0453125 0.36875 0.0609375 0.3671875 0.065625 0.3703125 0.084375 0.36875 0.0953125 0.3625 0.0953125 0.3609375 0.0921875 0.3625 0.0515625 0.3640625 0.05 0.3625 0.0484375 0.3640625 0.0015625
3 0.5890625 0.1578125 0.5921875 0.1609375 0.5921875 0.16875 0.5875 0.175 0.5890625 0.1890625 0.5859375 0.1921875 0.5875 0.203125 0.5828125 0.2375 0.5578125 0.2375 0.5546875 0.2359375 0.553125 0.2296875 0.55625 0.2046875 0.559375 0.2 0.5578125 0.184375 0.5625 0.178125 0.559375 0.1640625 0.5640625 0.1578125 0.5734375 0.1546875 0.58125 0.1546875 0.5875 0.1578125
3 0.275 0.08125 0.2828125 0.0796875 0.290625 0.084375 0.290625 0.109375 0.2875 0.1125 0.278125 0.1140625 0.2671875 0.109375 0.26875 0.0890625 0.275 0.0828125
3 0.2203125 0.0671875 0.2234375 0.0703125 0.2265625 0.08125 0.2265625 0.09375 0.2203125 0.1015625 0.2078125 0.1015625 0.1984375 0.090625 0.2 0.06875 0.203125 0.065625 0.21875 0.0671875
3 0 0.29375 0.0109375 0.2875 0.059375 0.2875 0.0609375 0.2859375 0.0671875 0.2875 0.2234375 0.2875 0.225 0.2859375 0.2921875 0.2875 0.29375 0.2859375 0.3140625 0.2859375 0.315625 0.2875 0.315625 0.29375 0.3078125 0.3078125 0.30625 0.3171875 0.2921875 0.34375 0.28125 0.346875 0 0.3453125 0 0.2953125
