2 0.503125 0.1890625 0.5078125 0.1875 0.5171875 0.1890625 0.5171875 0.2265625 0.5 0.2265625 0.5 0.215625 0.503125 0.209375 0.5015625 0.19375 0.503125 0.190625
2 0.55625 0.2078125 0.565625 0.2125 0.565625 0.2203125 0.5625 0.2234375 0.565625 0.2375 0.5609375 0.240625 0.5625 0.2671875 0.559375 0.26875 0.5390625 0.26875 0.5359375 0.2640625 0.5375 0.246875 0.540625 0.2421875 0.5375 0.2359375 0.5390625 0.228125 0.5375 0.2171875 0.540625 0.2109375 0.5546875 0.2078125
2 0.340625 0.2046875 0.346875 0.20625 0.3515625 0.2125 0.3515625 0.21875 0.3484375 0.2234375 0.3515625 0.2359375 0.3484375 0.240625 0.353125 0.2484375 0.353125 0.26875 0.3484375 0.2703125 0.328125 0.26875 0.3265625 0.253125 0.328125 0.2375 0.325 0.2328125 0.3265625 0.228125 0.325 0.209375 0.3296875 0.20625 0.3390625 0.2046875
2 0.6515625 0.1875 0.653125 0.2015625 0.646875 0.2265625 0.634375 0.225 0.634375 0.203125 0.6375 0.1984375 0.6375 0.1890625 0.640625 0.1859375 0.65 0.1875
3 0.2015625 0 0.2171875 0 0.2171875 0.0171875 0.2203125 0.028125 0.2203125 0.0453125 0.2234375 0.0640625 0.2234375 0.0921875 0.2265625 0.109375 0.228125 0.1609375 0.23125 0.16875 0.2328125 0.2078125 0.2359375 0.2171875 0.2375 0.2640625 0.2390625 0.265625 0.2375 0.278125 0.2296875 0.278125 0.225 0.275 0.2015625 0.0015625
3 0.6453125 0 0.6609375 0 0.6578125 0.0265625 0.6578125 0.1109375 0.65625 0.1125 0.6578125 0.1140625 0.65625 0.11875 0.6578125 0.171875 0.6546875 0.190625 0.6515625 0.1859375 0.64375 0.1828125 0.6453125 0.0015625
3 0.1421875 0.059375 0.14375 0.059375 0.146875 0.075 0.1515625 0.1421875 0.15625 0.15625 0.15625 0.159375 0.1515625 0.159375 0.1484375 0.1515625 0.1484375 0.128125 0.146875 0.1265625 0.146875 0.1109375 0.14375 0.1015625 0.1421875 0.0609375
3 0.259375 0.065625 0.2625 0.065625 0.2625 0.0890625 0.265625 0.0953125 0.265625 0.1171875 0.2671875 0.11875 0.2671875 0.128125 0.265625 0.1296875 0.2625 0.1265625 0.259375 0.0671875
3 0.015625 0.0703125 0.021875 0.090625 0.0265625 0.1328125 0.0328125 0.1421875 0.03125 0.153125 0.0328125 0.1578125 0.0296875 0.1609375 0.025 0.15625 0.021875 0.1171875 0.01875 0.1109375 0.0171875 0.0921875 0.0125 0.0765625 0.0140625 0.071875
3 0.9109375 0 0.9296875 0 0.9265625 0.021875 0.921875 0.034375 0.9203125 0.0515625 0.9171875 0.0578125 0.915625 0.071875 0.9125 0.078125 0.9078125 0.1015625 0.896875 0.10625 0.8875 0.10625 0.9 0.0390625 0.903125 0.034375 0.903125 0.028125 0.9109375 0.0015625
