3 0.0296875 0.0265625 0.0328125 0.0265625 0.0328125 0.059375 0.0359375 0.0671875 0.0375 0.0875 0.0421875 0.0953125 0.034375 0.096875 0.0296875 0.0875 0.025 0.05625 0.0296875 0.028125
3 0.5078125 0.128125 0.5109375 0.1328125 0.5078125 0.15 0.5109375 0.1640625 0.5078125 0.1734375 0.49375 0.171875 0.49375 0.1296875 0.5 0.1265625 0.50625 0.128125
3 0.3390625 0.0078125 0.3453125 0.0109375 0.346875 0.0265625 0.3453125 0.03125 0.3453125 0.059375 0.346875 0.0609375 0.3453125 0.0625 0.346875 0.0671875 0.3453125 0.175 0.3375 0.1765625 0.3359375 0.015625 0.3390625 0.009375
3 0.6375 0.171875 0.6390625 0.1375 0.6421875 0.1296875 0.6484375 0.125 0.6578125 0.1265625 0.6546875 0.16875 0.6515625 0.171875 0.6390625 0.171875
3 0.5765625 0.1265625 0.5796875 0.140625 0.578125 0.171875 0.5609375 0.171875 0.5625 0.1296875 0.5671875 0.1265625 0.575 0.1265625
3 0.4796875 0.0078125 0.48125 0.0078125 0.4828125 0.015625 0.4828125 0.075 0.4859375 0.084375 0.4828125 0.0875 0.4828125 0.103125 0.4859375 0.1171875 0.4796875 0.11875 0.4734375 0.115625 0.475 0.1015625 0.478125 0.09375 0.478125 0.0109375 0.4796875 0.009375
3 0.5140625 0.028125 0.5171875 0.0296875 0.5171875 0.0984375 0.515625 0.1 0.5109375 0.0984375 0.5140625 0.0828125 0.5125 0.0796875 0.5140625 0.0296875
3 0.4359375 0.09375 0.4453125 0.1 0.4453125 0.1125 0.440625 0.1203125 0.43125 0.1203125 0.428125 0.1171875 0.425 0.10625 0.4265625 0.096875 0.4296875 0.09375 0.434375 0.09375
3 0.2 0.096875 0.203125 0.0984375 0.2109375 0.1125 0.2171875 0.115625 0.21875 0.1296875 0.215625 0.1375 0.20625 0.1375 0.203125 0.134375 0.196875 0.1390625 0.1921875 0.1390625 0.1796875 0.1171875 0.1796875 0.1015625 0.184375 0.096875 0.1984375 0.096875
3 0.38125 0.1015625 0.390625 0.115625 0.396875 0.1328125 0.390625 0.134375 0.384375 0.128125 0.3765625 0.140625 0.36875 0.140625 0.3625 0.14375 0.35625 0.14375 0.35 0.134375 0.3484375 0.128125 0.35 0.1125 0.359375 0.1015625 0.3703125 0.1046875 0.375 0.1015625 0.3796875 0.1015625
3 0.421875 0.1125 0.425 0.1 0.4234375 0.0859375 0.4328125 0.071875 0.4375 0.071875 0.446875 0.084375 0.4453125 0.0953125 0.4484375 0.103125 0.45625 0.1125 0.45625 0.115625 0.4453125 0.10625 0.44375 0.1015625 0.4375 0.0953125 0.4328125 0.09375 0.4265625 0.0984375 0.4265625 0.1109375 0.4234375 0.1125
3 0.19375 0.0703125 0.203125 0.06875 0.209375 0.075 0.2125 0.0984375 0.2171875 0.1015625 0.2203125 0.11875 0.2203125 0.1296875 0.2171875 0.128125 0.2046875 0.1109375 0.2046875 0.10625 0.2015625 0.1015625 0.196875 0.0984375 0.1796875 0.0984375 0.178125 0.096875 0.1796875 0.0859375 0.19375 0.071875
3 0.3765625 0.084375 0.3859375 0.0984375 0.384375 0.1015625 0.3859375 0.1078125 0.3953125 0.1265625 0.39375 0.134375 0.3890625 0.1328125 0.3828125 0.1265625 0.3703125 0.10625 0.365625 0.103125 0.3578125 0.103125 0.359375 0.0890625 0.3640625 0.084375 0.375 0.084375
