3 0.8921875 0.7671875 0.9 0.7703125 0.9140625 0.7703125 0.928125 0.7765625 0.934375 0.7765625 0.928125 0.778125 0.90625 0.775 0.8984375 0.778125 0.8875 0.778125 0.8828125 0.784375 0.884375 0.7953125 0.896875 0.8 0.8953125 0.803125 0.896875 0.80625 0.9046875 0.80625 0.90625 0.8125 0.9171875 0.815625 0.921875 0.8203125 0.9234375 0.825 0.9203125 0.8328125 0.9078125 0.834375 0.9109375 0.8375 0.928125 0.8359375 0.9484375 0.8390625 0.9578125 0.8484375 0.9609375 0.85625 0.9640625 0.8578125 0.9671875 0.865625 0.971875 0.86875 0.978125 0.8796875 0.9765625 0.896875 0.959375 0.9 0.9375 0.9 0.9359375 0.8984375 0.9265625 0.9046875 0.903125 0.9046875 0.8796875 0.8984375 0.871875 0.89375 0.8578125 0.89375 0.853125 0.8890625 0.8390625 0.8875 0.8078125 0.871875 0.8015625 0.865625 0.8015625 0.85625 0.8046875 0.8546875 0.80625 0.85 0.815625 0.84375 0.81875 0.8390625 0.821875 0.8390625 0.825 0.834375 0.828125 0.834375 0.8359375 0.825 0.8390625 0.8109375 0.8421875 0.809375 0.8453125 0.796875 0.8484375 0.7953125 0.8484375 0.790625 0.840625 0.784375 0.8375 0.784375 0.8328125 0.7796875 0.8328125 0.775 0.8359375 0.771875 0.840625 0.771875 0.8453125 0.7671875 0.8578125 0.7640625 0.890625 0.7671875
2 0.978125 0.45625 0.9828125 0.459375 0.978125 0.46875 0.9546875 0.4625 0.9390625 0.4640625 0.9359375 0.4625 0.9234375 0.4640625 0.9 0.4625 0.9 0.459375 0.91875 0.4546875 0.9359375 0.4546875 0.9375 0.45625 0.971875 0.4546875 0.9765625 0.45625
2 0.9828125 0.3765625 0.9953125 0.3796875 0.9953125 0.3828125 0.9859375 0.3890625 0.9609375 0.39375 0.884375 0.39375 0.8859375 0.3828125 0.890625 0.38125 0.9515625 0.38125 0.9609375 0.378125 0.98125 0.3765625
2 0.75625 0.6484375 0.7625 0.6453125 0.7796875 0.6484375 0.840625 0.6484375 0.86875 0.653125 0.871875 0.65625 0.871875 0.6703125 0.8671875 0.675 0.8484375 0.6796875 0.8265625 0.6796875 0.803125 0.675 0.7859375 0.675 0.775 0.6703125 0.75625 0.66875 0.75 0.665625 0.7515625 0.65625 0.7546875 0.6546875 0.75625 0.65
2 0.83125 0.50625 0.8328125 0.5078125 0.85 0.5078125 0.8515625 0.50625 0.8984375 0.50625 0.9015625 0.5046875 0.915625 0.50625 0.9265625 0.5125 0.928125 0.51875 0.9265625 0.521875 0.909375 0.5265625 0.8515625 0.5265625 0.85 0.528125 0.7625 0.528125 0.75625 0.5265625 0.7546875 0.515625 0.75625 0.5109375 0.7625 0.5078125 0.76875 0.50625 0.8296875 0.50625
2 0.9609375 0.4859375 0.9640625 0.4875 0.9640625 0.4984375 0.9578125 0.5015625 0.9546875 0.5 0.9234375 0.5 0.915625 0.503125 0.909375 0.5015625 0.8953125 0.5046875 0.8875 0.503125 0.88125 0.496875 0.88125 0.490625 0.8859375 0.490625 0.890625 0.4875 0.959375 0.4859375
2 0.9046875 0.465625 0.90625 0.4671875 0.928125 0.4671875 0.93125 0.4640625 0.9375 0.465625 0.9515625 0.4640625 0.9546875 0.4671875 0.9671875 0.4671875 0.9671875 0.4703125 0.9734375 0.4734375 0.9609375 0.4796875 0.9296875 0.4796875 0.928125 0.478125 0.890625 0.4796875 0.88125 0.475 0.88125 0.46875 0.903125 0.465625
2 0.9390625 0.5015625 0.940625 0.503125 0.9578125 0.503125 0.9671875 0.50625 0.9671875 0.5140625 0.953125 0.5171875 0.9296875 0.515625 0.925 0.5109375 0.925 0.50625 0.9296875 0.5015625 0.9375 0.5015625
2 0.9453125 0.33125 0.946875 0.3328125 0.9703125 0.3328125 0.9734375 0.334375 0.9734375 0.3390625 0.9765625 0.340625 0.9703125 0.346875 0.95 0.346875 0.9484375 0.3484375 0.89375 0.3453125 0.890625 0.3421875 0.8921875 0.3375 0.896875 0.334375 0.928125 0.334375 0.94375 0.33125
2 0.921875 0.4578125 0.925 0.4609375 0.940625 0.459375 0.9734375 0.4609375 0.9796875 0.465625 0.9796875 0.4703125 0.9765625 0.475 0.9671875 0.475 0.9609375 0.4703125 0.9421875 0.471875 0.9296875 0.46875 0.9046875 0.4671875 0.8984375 0.4640625 0.9 0.4609375 0.9203125 0.4578125
2 0.7625 0.590625 0.8375 0.590625 0.8390625 0.5921875 0.915625 0.590625 0.9234375 0.5953125 0.9234375 0.6046875 0.9203125 0.609375 0.9015625 0.6125 0.8890625 0.609375 0.8703125 0.609375 0.86875 0.6109375 0.853125 0.609375 0.80625 0.609375 0.8015625 0.6109375 0.8 0.609375 0.79375 0.6109375 0.7921875 0.609375 0.7609375 0.609375 0.7578125 0.6078125 0.7578125 0.6 0.7609375 0.5984375 0.7625 0.5921875
