3 0.9984375 0.153125 0.9984375 0.171875 0.984375 0.171875 0.946875 0.1796875 0.93125 0.1796875 0.9265625 0.1734375 0.9234375 0.175 0.884375 0.175 0.865625 0.1796875 0.84375 0.1796875 0.815625 0.184375 0.79375 0.184375 0.7859375 0.1859375 0.7734375 0.19375 0.75625 0.1890625 0.7390625 0.1875 0.7375 0.1796875 0.746875 0.175 0.765625 0.175 0.7703125 0.171875 0.7875 0.16875 0.8546875 0.1671875 0.8609375 0.1640625 0.9 0.159375 0.946875 0.1609375 0.95 0.1578125 0.9671875 0.153125 0.996875 0.153125
2 0.78671875 0.33671875 0.12109375 0.0203125
2 0.8375 0.3890625 0.8484375 0.39375 0.8484375 0.4015625 0.84375 0.4046875 0.83125 0.40625 0.8296875 0.4046875 0.821875 0.40625 0.8125 0.4046875 0.8109375 0.40625 0.75 0.4078125 0.7484375 0.409375 0.7328125 0.4078125 0.73125 0.40625 0.7328125 0.39375 0.7546875 0.39375 0.75625 0.3921875 0.7859375 0.3921875 0.7875 0.39375 0.8 0.390625 0.8234375 0.390625 0.8265625 0.3875 0.8359375 0.3890625
2 0.8359375 0.5578125 0.8484375 0.5578125 0.8546875 0.5609375 0.85625 0.578125 0.853125 0.58125 0.8140625 0.58125 0.8125 0.5796875 0.740625 0.58125 0.7375 0.575 0.7390625 0.5671875 0.7671875 0.5671875 0.76875 0.565625 0.815625 0.5671875 0.825 0.565625 0.8359375 0.559375
2 0.8 0.6859375 0.80625 0.690625 0.8625 0.6890625 0.865625 0.690625 0.865625 0.69375 0.8609375 0.6984375 0.85 0.703125 0.8390625 0.703125 0.834375 0.6984375 0.8109375 0.6953125 0.80625 0.6984375 0.8 0.6984375 0.796875 0.7046875 0.78125 0.7046875 0.7796875 0.703125 0.778125 0.7046875 0.7578125 0.7046875 0.74375 0.703125 0.7390625 0.7 0.740625 0.6890625 0.74375 0.6875 0.759375 0.6875 0.7609375 0.6890625 0.7984375 0.6875
2 0.740625 0.6890625 0.7453125 0.6875 0.7578125 0.6890625 0.803125 0.6875 0.8078125 0.690625 0.8171875 0.6875 0.865625 0.6890625 0.8671875 0.690625 0.9328125 0.6890625 0.940625 0.690625 0.9453125 0.6953125 0.9453125 0.734375 0.940625 0.7390625 0.93125 0.7390625 0.921875 0.7359375 0.8984375 0.7375 0.8921875 0.734375 0.8390625 0.73125 0.825 0.728125 0.8015625 0.728125 0.7984375 0.7203125 0.7953125 0.71875 0.7953125 0.7109375 0.7921875 0.7046875 0.74375 0.703125 0.7390625 0.7 0.740625 0.690625
2 0.8484375 0.4484375 0.853125 0.453125 0.853125 0.45625 0.8484375 0.4609375 0.834375 0.4625 0.825 0.4609375 0.815625 0.4640625 0.7875 0.4625 0.76875 0.465625 0.7375 0.465625 0.734375 0.4640625 0.7328125 0.453125 0.7390625 0.45 0.846875 0.4484375
2 0.846875 0.625 0.8546875 0.6296875 0.853125 0.6359375 0.8484375 0.6375 0.8328125 0.6375 0.825 0.640625 0.8 0.6390625 0.7921875 0.6421875 0.740625 0.6421875 0.7390625 0.640625 0.740625 0.6265625 0.8453125 0.625
1 0.8421875 0.7578125 0.85625 0.7671875 0.865625 0.7671875 0.875 0.7625 0.8890625 0.7625 0.903125 0.76875 0.903125 0.7796875 0.9 0.7796875 0.896875 0.784375 0.8921875 0.7859375 0.8703125 0.7859375 0.8640625 0.7890625 0.8609375 0.79375 0.8578125 0.79375 0.8546875 0.7890625 0.8265625 0.790625 0.821875 0.79375 0.8140625 0.79375 0.8109375 0.7984375 0.8046875 0.8015625 0.7984375 0.8015625 0.7875 0.79375 0.7859375 0.775 0.7890625 0.7671875 0.8015625 0.7578125 0.8125 0.75625 0.840625 0.7578125
1 0.840625 0.7578125 0.8546875 0.7671875 0.8890625 0.7640625 0.9015625 0.7703125 0.903125 0.7796875 0.8921875 0.7859375 0.8734375 0.7875 0.865625 0.79375 0.86875 0.809375 0.8828125 0.825 0.8828125 0.8359375 0.8546875 0.85 0.8296875 0.8515625 0.821875 0.85625 0.8140625 0.85625 0.8 0.846875 0.7765625 0.846875 0.7671875 0.8421875 0.7625 0.8375 0.7625 0.825 0.76875 0.81875 0.7703125 0.8109375 0.7734375 0.8078125 0.7765625 0.815625 0.7796875 0.815625 0.7859375 0.809375 0.7859375 0.803125 0.7796875 0.8 0.7875 0.7984375 0.7859375 0.7796875 0.7890625 0.76875 0.7953125 0.7625 0.803125 0.7609375 0.80625 0.7578125 0.8390625 0.7578125
