3 0.31953125 0.1578125 0.00625 0.07734375
3 0.33125 0.1171875 0.33125 0.159375 0.3328125 0.1609375 0.33125 0.1625 0.33125 0.1828125 0.3328125 0.1875 0.3265625 0.1890625 0.321875 0.1796875 0.328125 0.1734375 0.3265625 0.1453125 0.328125 0.14375 0.328125 0.1234375 0.33125 0.11875
3 0.2875 0.0921875 0.2921875 0.09375 0.2921875 0.115625 0.29375 0.1171875 0.2921875 0.128125 0.2953125 0.1484375 0.29375 0.1578125 0.2953125 0.2109375 0.2921875 0.2125 0.2890625 0.209375 0.290625 0.1859375 0.2890625 0.184375 0.2890625 0.1453125 0.2875 0.14375 0.2875 0.0984375 0.2859375 0.096875 0.2875 0.09375
3 0.3453125 0.0796875 0.346875 0.08125 0.346875 0.128125 0.3453125 0.1296875 0.346875 0.1328125 0.346875 0.1828125 0.3453125 0.184375 0.3390625 0.1828125 0.3421875 0.1703125 0.3421875 0.1421875 0.34375 0.140625 0.34375 0.1171875 0.3421875 0.115625 0.34375 0.08125
3 0.21875 0 0.228125 0 0.228125 0.025 0.2296875 0.0265625 0.228125 0.028125 0.228125 0.0453125 0.2328125 0.0890625 0.23125 0.0984375 0.2328125 0.196875 0.2359375 0.2015625 0.2375 0.2125 0.240625 0.215625 0.2390625 0.225 0.2484375 0.2375 0.2296875 0.2375 0.2234375 0.234375 0.2140625 0.2359375 0.2125 0.234375 0.2125 0.23125 0.2171875 0.2265625 0.2171875 0.2109375 0.221875 0.2015625 0.221875 0.1796875 0.2234375 0.178125 0.2203125 0.09375 0.21875 0.0921875 0.2203125 0.0890625 0.21875 0.0015625
3 0.634375 0 0.6421875 0 0.6421875 0.0203125 0.6375 0.025 0.6390625 0.040625 0.6359375 0.0515625 0.6359375 0.0625 0.6328125 0.0703125 0.63125 0.1015625 0.625 0.1015625 0.6203125 0.096875 0.6234375 0.0828125 0.625 0.053125 0.628125 0.0453125 0.6296875 0.0296875 0.6328125 0.0234375 0.634375 0.0015625
3 0.4296875 0 0.4484375 0 0.45 0.0046875 0.4484375 0.0078125 0.45 0.009375 0.45 0.0484375 0.4484375 0.05 0.45 0.0546875 0.4453125 0.1 0.4421875 0.1796875 0.453125 0.1859375 0.4484375 0.1953125 0.446875 0.2078125 0.4484375 0.2390625 0.446875 0.240625 0.4453125 0.30625 0.440625 0.35 0.440625 0.3890625 0.4390625 0.3953125 0.43125 0.3984375 0.4 0.396875 0.4046875 0.2609375 0.4078125 0.246875 0.4078125 0.1828125 0.4125 0.1828125 0.41875 0.178125 0.41875 0.16875 0.421875 0.159375 0.4234375 0.1 0.4265625 0.078125 0.425 0.0671875 0.4265625 0.065625 0.4296875 0.0015625
3 0.5046875 0.13125 0.50625 0.1328125 0.5015625 0.1671875 0.5015625 0.1890625 0.496875 0.184375 0.496875 0.175 0.5 0.1421875 0.503125 0.1328125
2 0.5765625 0.1890625 0.5765625 0.2125 0.5734375 0.2140625 0.5671875 0.2125 0.5671875 0.1953125 0.5703125 0.1890625 0.575 0.1890625
2 0.51875 0.1828125 0.521875 0.18125 0.528125 0.1828125 0.5265625 0.196875 0.521875 0.196875 0.51875 0.19375 0.51875 0.184375
2 0.4890625 0.2125 0.4890625 0.1921875 0.4953125 0.184375 0.4984375 0.1859375 0.4984375 0.2125 0.490625 0.2125
2 0.5375 0.1890625 0.5390625 0.19375 0.5375 0.2125 0.5296875 0.2109375 0.5296875 0.196875 0.5328125 0.190625 0.5359375 0.1890625
2 0.3796875 0.178125 0.3859375 0.178125 0.3859375 0.19375 0.384375 0.1953125 0.3796875 0.190625 0.3796875 0.1796875
2 0.371875 0.2109375 0.371875 0.1890625 0.375 0.1859375 0.3796875 0.1859375 0.38125 0.190625 0.38125 0.2109375 0.3734375 0.2109375
2 0.4515625 0.2125 0.45 0.209375 0.4515625 0.196875 0.45625 0.1875 0.4609375 0.190625 0.4609375 0.209375 0.459375 0.2125 0.453125 0.2125
2 0.4671875 0.1796875 0.4703125 0.1796875 0.471875 0.1828125 0.471875 0.1921875 0.4671875 0.196875 0.4640625 0.1953125 0.4640625 0.1859375 0.4671875 0.18125
2 0.55 0.18125 0.5515625 0.1828125 0.55 0.1984375 0.5421875 0.196875 0.5390625 0.1875 0.54375 0.18125 0.5484375 0.18125
