2 0.040625 0.8546875 0.05 0.8578125 0.0515625 0.8640625 0.040625 0.8703125 0.028125 0.871875 0.0046875 0.8703125 0 0.8640625 0.0109375 0.85625 0.0234375 0.853125 0.0390625 0.8546875
2 0.175 0.85625 0.1796875 0.8578125 0.18125 0.8640625 0.1703125 0.8703125 0.1609375 0.871875 0.13125 0.8703125 0.128125 0.8671875 0.128125 0.8625 0.1328125 0.8578125 0.1390625 0.85625 0.1515625 0.8546875 0.1734375 0.85625
3 0.084375 0.06875 0.0875 0.06875 0.0890625 0.071875 0.090625 0.1 0.09375 0.1015625 0.0953125 0.171875 0.096875 0.178125 0.1 0.1796875 0.103125 0.21875 0.10625 0.2203125 0.10625 0.246875 0.1015625 0.25 0.0984375 0.2484375 0.096875 0.2421875 0.0953125 0.20625 0.0921875 0.2046875 0.0921875 0.1859375 0.0890625 0.175 0.0890625 0.1375 0.0859375 0.1359375 0.084375 0.1203125 0.0859375 0.1171875 0.0828125 0.09375 0.0828125 0.071875 0.084375 0.0703125
3 0.70625 0.1328125 0.7078125 0.140625 0.7109375 0.1421875 0.7125 0.1828125 0.7140625 0.184375 0.7140625 0.25625 0.7109375 0.2609375 0.70625 0.2578125 0.70625 0.171875 0.703125 0.1703125 0.703125 0.14375 0.7015625 0.1421875 0.7015625 0.134375 0.7046875 0.1328125
3 0.8 0.1796875 0.8046875 0.18125 0.803125 0.2953125 0.8 0.2984375 0.7921875 0.296875 0.7953125 0.2875 0.79375 0.2703125 0.7953125 0.26875 0.7953125 0.228125 0.7984375 0.2265625 0.7984375 0.18125
0 0.8109375 0.3015625 0.834375 0.30625 0.853125 0.31875 0.8546875 0.328125 0.853125 0.3609375 0.8484375 0.365625 0.79375 0.365625 0.7890625 0.3625 0.7859375 0.3515625 0.7859375 0.334375 0.7828125 0.3328125 0.7796875 0.3078125 0.7890625 0.3015625 0.809375 0.3015625
0 0.53125 0.30625 0.5453125 0.3109375 0.553125 0.3109375 0.5609375 0.315625 0.56875 0.315625 0.5703125 0.328125 0.565625 0.3328125 0.546875 0.3296875 0.4875 0.33125 0.484375 0.328125 0.484375 0.3234375 0.475 0.3140625 0.478125 0.3078125 0.48125 0.30625 0.5296875 0.30625
0 0.7046875 0.2609375 0.70625 0.2625 0.753125 0.2625 0.765625 0.2671875 0.7671875 0.271875 0.771875 0.275 0.775 0.2875 0.775 0.3015625 0.778125 0.303125 0.778125 0.3265625 0.78125 0.3421875 0.784375 0.34375 0.784375 0.3578125 0.7875 0.371875 0.7859375 0.403125 0.7796875 0.409375 0.7625 0.409375 0.7515625 0.4046875 0.75 0.4 0.74375 0.3953125 0.728125 0.3953125 0.7265625 0.39375 0.678125 0.39375 0.6640625 0.396875 0.6375 0.3953125 0.628125 0.3984375 0.625 0.403125 0.6140625 0.409375 0.60625 0.4109375 0.596875 0.4109375 0.590625 0.4078125 0.5890625 0.4015625 0.5859375 0.4 0.584375 0.38125 0.5796875 0.3765625 0.5765625 0.3625 0.5734375 0.3609375 0.5734375 0.3265625 0.5765625 0.325 0.578125 0.3265625 0.5828125 0.321875 0.58125 0.31875 0.5734375 0.3171875 0.571875 0.3140625 0.5734375 0.2859375 0.5765625 0.284375 0.5796875 0.278125 0.59375 0.271875 0.5984375 0.2671875 0.6171875 0.2625 0.703125 0.2609375
0 0 0.3 0.0203125 0.3 0.025 0.3046875 0.028125 0.321875 0.03125 0.3234375 0.03125 0.3390625 0.034375 0.353125 0.03125 0.359375 0.0234375 0.359375 0.0140625 0.346875 0 0.3421875 0 0.3015625
0 0.428125 0.3109375 0.4484375 0.3109375 0.4515625 0.3140625 0.4515625 0.3234375 0.4484375 0.325 0.4484375 0.328125 0.4421875 0.3328125 0.4359375 0.3328125 0.43125 0.3296875 0.428125 0.3125
0 0.8578125 0.3171875 0.871875 0.3109375 0.8921875 0.290625 0.909375 0.284375 0.921875 0.284375 0.93125 0.28125 0.9921875 0.28125 0.99375 0.2796875 0.9984375 0.2828125 0.9984375 0.3890625 0.9796875 0.3984375 0.9734375 0.4 0.94375 0.3984375 0.93125 0.3890625 0.9296875 0.3796875 0.9234375 0.375 0.89375 0.375 0.8890625 0.384375 0.8625 0.384375 0.85625 0.3796875 0.8546875 0.3640625 0.85625 0.3609375 0.85625 0.3203125 0.8578125 0.31875
0 0 0.3 0.0203125 0.3 0.025 0.3046875 0.028125 0.315625 0.028125 0.328125 0.0171875 0.328125 0.0046875 0.340625 0 0.3375 0 0.3015625
2 0.6497301249999999 0.68124470625 0.011953975 0.677647059375 0 0.9580682359375 0.66407740625 0.95672470625 0.6497301249999999 0.68124470625
